

Next record
07PSIna   G  edt         1    0       1       25      0   

<Short_PARAM>
2 2 -4 1 130 1 0 30000 1 9999 
<Double_PARAM>
1000 1e-13 1e-20 1e-05 0.01 0.01 1e-05 1e-05 1e-05 1e-05 1e-05 1e-05 1e-06 1e-17 0.7 -0.0065 1 1000 0.001 12.05 1e-13 1e-13 1e-33 1e-20 1e-05 1e-10 0.001 1e-10 
<Short_Const>
9 9 33 30 25 4 0 0 5 2 0 4 2 0 51 1 2 1 1 0 1 0 0 2 1 2 0 2 0 2 51 0 0 0 0 0 1 0 0 
<Double_Const>
25 25 298.15 298.15 1 1 0 5948.79186419546 -13204059.3437253 0 0 0 0 0 0 0 0 0 0 0 
0 0 0 0 166.634745956917 1000 1.00356610594559 -5326.42733340501 0.00240639439296511 2.68598604858917 -2.67844305357817 -0.158136226678166 1e-13 1e-20 55.50837344 0 9.99999e-06 0 0 0 
0 1e-05 0 2478.9711565 38.9215133653371 55.3032321740186 4.01653388216503 0.000125383160446524 1.66e-24 5.80478236664305 0.180353603930485 1.19764077875158 6.04650811325661 
<Add_Double_Const>
1e-13 1e-13 1e-33 1e-20 1e-05 1e-05 1e-05 1e-05 1e-05 1e-05 1e-06 1 
<EpsW>
78.2451456494471 -0.355010888388417 0.00135076186526265 0.00406162824448407 0 
<EpsWg>
44.1020648929065 -0.203921304503049 0.000864734277252308 0.00370763636207359 0 
<DenW>
0.997061364306278 -0.00025866418191325 -9.46964566451448e-06 4.50858902637571e-05 0 
<DenWg>
0.000767104546309221 -7.87337651516304e-07 -3.78422904491598e-09 4.76763525268721e-08 0 
Error Code 
Error Message
<L1>
26 4 1 1 1 
<muk>
0 1 198 370 371 
<mui>
12 19 23 27 34 39 40 50 60 
<muj>
196 306 371 378 379 380 385 386 387 388 389 390 396 397 403 404 682 683 860 861 862 863 1132 1133 1134 1135 1138 1139 1144 1145 1342 1514 1515 
<DUL>
1000000 1000000 1000000 1000000 1000000 1000000 1000000 1000000 1000000 1000000 1000000 1000000 1000000 1000000 1000000 1000000 1000000 1000000 1000000 1000000 1000000 1000000 1000000 1000000 1000000 1000000 1000000 1000000 1000000 1000000 1000000 1000000 1000000 
<DLL>
0 0 0 0 0 0 0 0 0 0 0 0 0 0 0 0 0 0 0 0 0 0 0 0 0 0 0 0 0 0 0 0 0 
<Vol>
0 0 0 0 0 0 0 0 0 0 0 0 0 0 0 0 0 0 55.8296924926911 0 0 0 0 -4.70764729114605 0 18.0678940764855 24789.711565 24789.711565 24789.711565 24789.711565 339.819984436035 27.2699999809265 22.6900005340576 
<Pparc>
1 1 1 1 1 1 1 1 1 1 1 1 1 1 1 1 1 1 1 1 1 1 1 1 1 1 1 1 1 1 1 1 1 
<MM>
189.099700927734 288.212799072266 2.01579999923706 191.115500926971 192.12340092659 190.107600927353 290.228599071503 291.236499071121 292.24439907074 293.252299070358 294.260199069977 289.220699071884 181.191699266434 182.199599266052 90.0342020988464 89.0263020992279 31.9979991912842 88.0184020996094 96.1135988235474 308.363596916199 95.1056988239288 94.0977988243103 28.0139999389648 17.0068995952606 1.00789999961853 18.0147995948792 2.01579999923706 18.0147995948792 28.0139999389648 31.9979991912842 292.24439907074 60.0839996337891 60.0839996337891 
<Awt>
189.099700927734 288.212799072266 1.00789999961853 178.167999267578 14.0069999694824 15.9989995956421 88.0184020996094 28.0860004425049 0 
<A>
1 0 0 0 0 0 0 0 -3 0 1 0 0 0 0 0 0 -4 0 0 2 0 0 0 0 0 0 1 0 2 0 0 0 0 0 -1 1 0 3 0 
0 0 0 0 0 1 0 1 0 0 0 0 0 -2 0 1 2 0 0 0 0 0 -2 0 1 3 0 0 0 0 0 -1 0 1 4 0 0 0 0 0 
0 0 1 5 0 0 0 0 0 1 0 1 6 0 0 0 0 0 2 0 1 1 0 0 0 0 0 -3 0 0 3 1 0 0 0 0 -1 0 0 4 
1 0 0 0 0 0 0 0 2 0 0 0 1 0 0 0 0 1 0 0 0 1 0 -1 0 0 0 0 0 2 0 0 0 0 0 0 0 0 0 1 
0 -2 0 0 4 0 0 4 0 1 0 0 0 4 0 0 12 0 4 -4 0 0 3 0 0 4 0 1 -1 0 0 2 0 0 4 0 1 -2 0 0 
0 0 2 0 0 0 0 0 0 1 0 0 1 0 0 -1 0 0 1 0 0 0 0 0 1 0 0 2 0 0 1 0 0 0 0 0 2 0 0 0 
0 0 0 0 0 2 0 0 1 0 0 0 0 0 0 0 2 0 0 0 0 0 0 0 0 0 2 0 0 0 0 1 4 0 0 0 0 0 0 0 
0 0 0 0 2 0 1 0 0 0 0 0 0 2 0 1 0 
<XFs>
55.3101671375791 0.199568566914915 0.000167124003720662 0 0.0998213683472247 
<Falps>
4.44569598296569e-09 -4.39265152937849e-07 -8.46573833398069e-05 -1.05429831841324 7.46086427444317e-08 
<G>
-464.830389549152 4.01653388216503 11.16606059591 -490.481187485332 -497.688278826494 -479.474830740738 -37.522101195536 -44.7752442383078 -49.9100089957049 -52.9033696165185 -51.7520770702069 -21.8645225632773 4.01653388216503 -5.19380648994168 -283.354473080174 -280.130853950098 10.6807041947896 -270.344867305038 -524.098929113905 -1642.2649181699 -501.523697644123 -470.762776196508 11.3526740999788 -59.4049385683072 4.01653388216503 -95.6606688673104 0 -92.2092213137051 0 0 -62.6763662310486 -342.992715714964 -345.420327483346 
<G0>
-464.830389549152 4.01653388216503 11.16606059591 -490.481187485332 -497.688278826494 -479.474830740738 -37.522101195536 -44.7752442383078 -49.9100089957049 -52.9033696165185 -51.7520770702069 -21.8645225632773 4.01653388216503 -5.19380648994168 -283.354473080174 -280.130853950098 10.6807041947896 -270.344867305038 -524.098929113905 -1642.2649181699 -501.523697644123 -470.762776196508 11.3526740999788 -59.4049385683072 4.01653388216503 -95.6606688673104 0 -92.2092213137051 0 0 -62.6763662310486 -342.992715714964 -345.420327483346 
<lnGam>
-0.484229451241195 -0.860852357762124 0 -0.0538032723601328 0 -0.215213089440531 -0.215213089440531 -0.0538032723601328 0 -0.0538032723601328 -0.215213089440531 -0.484229451241195 -0.0538032723601328 0 0 -0.0538032723601328 0 -0.215213089440531 0 -0.860852357762124 -0.0538032723601328 -0.215213089440531 0 -0.0538032723601328 -0.0538032723601328 0 0 0 0 0 0 0 0 
<lnGmo>
-0.484354834401642 -0.860977740922571 -0.000125383160446524 -0.0539286555205793 -0.000125383160446524 -0.215338472600978 -0.215338472600978 -0.0539286555205793 -0.000125383160446524 -0.0539286555205793 -0.215338472600978 -0.484354834401642 -0.0539286555205793 -0.000125383160446524 -0.000125383160446524 -0.0539286555205793 -0.000125383160446524 -0.215338472600978 -0.000125383160446524 -0.860977740922571 -0.0539286555205793 -0.215338472600978 -0.000125383160446524 -0.0539286555205793 -0.0539286555205793 1.57229080866017e-08 0 0 0 0 0 0 0 
<B>
0.001 0.001 111.019830637945 0.001 0.001 55.5099153189724 0.001 0.1 0 
<U>
-508.880968333871 -62.6069765021521 -0.0173961649314379 -16.0946255761813 -2.99627607301916 -95.6260019361944 -297.333052020758 -154.168323439165 -6.16734306042948 
<Uc>
-508.880968333871 -508.880976273673 -62.6069765021521 -62.6070685061529 -0.0173961649314379 -0.0173947611707369 -16.0946255761813 -16.0946318735703 -2.99627607301916 -2.99627466839079 -95.6260019361944 -95.6260047536587 -297.333052020758 -297.333067600929 -154.168323439165 -154.16831824077 -6.16734306042948 -6.16736459497331 
<Uefd>
-7.24780790093889e-11 8.6567041959359e-11 3.07486817033214e-12 3.87292598855474e-11 -6.3026165022608e-13 -6.14978234566941e-12 -1.68048918288707e-10 1.27750825111167e-11 -9.44221705183769e-12 
<U_r>
-1261501.24259146 -155200.888944508 -43.1245910987512 -39898.1125780205 -7427.6819619256 -237054.100611239 -737080.059833574 -382178.827051653 -15288.6655590451 
<C>
7.1137140471361e-20 7.22663014312239e-20 -2.66633745760644e-15 0 0 -1.36901281431311e-15 -1.35499315183545e-20 0 0 
<XF>
55.3101671375791 0.199568566914915 0.000167124003720662 0 0.0998213683472247 
<YF>
55.3101671375799 0.199568566913544 0.000167124003720645 0 0.0998213683471963 
<Falp>
4.5661735587203e-09 -4.39265152937849e-07 -8.46573833398069e-05 -1.05429831841324 7.46086427444317e-08 
<X>
7.19597477663028e-10 7.87183900966296e-17 0.000755693612531553 0.00027448616223798 0.000722916101791288 2.59701637325421e-06 0.000192118497061217 0.00047601677944292 0.000157867496244373 6.84865447325243e-06 5.24299303589811e-09 1.93260644603114e-08 4.8720293693921e-05 0.000951279706306079 4.53674194333035e-05 0.000924979261231331 0 2.96533193353652e-05 0.000178631638421141 0 1.43541669088861e-11 3.57830305179904e-22 1.62111575219304e-06 5.08566486376777e-12 0.00216614117811246 55.3032321740186 0.192744306387464 0.00632588164320301 0.000498378884247807 0 0.000167124003720662 0 0.0998213683472247 
<Y>
7.19597477663028e-10 7.87183900966296e-17 0.000755693612531553 0.00027448616223798 0.000722916101791288 2.59701637325421e-06 0.000192118497061217 0.00047601677944292 0.000157867496244373 6.84865447325243e-06 5.24299303589811e-09 1.93260644603114e-08 4.8720293693921e-05 0.000951279706306079 4.53674194333035e-05 0.000924979261231331 0 2.96533193353652e-05 0.000178631638421141 0 1.43541669088861e-11 3.57830305179904e-22 1.62111575219304e-06 5.08566486376777e-12 0.00216614117811246 55.3032321740186 0.192744306387464 0.00632588164320301 0.000498378884247807 0 0.000167124003720662 0 0.0998213683472247 
<XY>
7.19597477663028e-10 7.85758784790028e-17 0.000755693612531532 0.000274486162238005 0.000722916101791487 2.59701637325421e-06 0.000192118497061193 0.000476016779442777 0.000157867496244358 6.84865447325241e-06 5.24299303589811e-09 1.93260644603114e-08 4.87202936939202e-05 0.000951279706305802 4.53674194333055e-05 0.00092497926123213 0 2.9653319335366e-05 0.00017863163842114 0 1.43541669088861e-11 3.57830305179904e-22 1.62111575219304e-06 5.08566486376777e-12 0.00216614117811264 55.3032321740194 0.192744306386093 0.00632588164320301 0.000498378884247809 0 0.000167124003720645 0 0.0998213683471963 
<XU>
0 0 0 0 0 0 0 0 0 0 0 0 0 0 0 0 0 0 0 0 0 0 0 0 0 0 0 0 0 0 0 0 0 
<MU>
-8.23365926446439e-28 2.77471164952028e-41 1.26478548203287e-16 -1.54353378126654e-16 -1.19049905466524e-15 -1.22707490370723e-20 1.48346104436071e-16 8.58754273446004e-16 8.87367541915518e-17 1.56248983308532e-19 8.52689750390199e-26 1.58679931005802e-24 4.90648992080155e-18 1.6630301322309e-15 -1.20005646294857e-17 -4.79239001166515e-15 0 -4.72368503637594e-18 5.46346783593711e-19 0 5.07758376506257e-32 6.09158053722097e-53 -1.19302021353984e-22 5.93088982304675e-33 -1.07597216318797e-15 -5.06728095548416e-12 8.22789015426299e-12 -6.63003895448921e-20 -1.12755832918279e-17 0 9.94479326535135e-17 0 1.70640732538103e-13 
<EMU>
1.30202634753349e-11 1.42343686727363e-18 1.36594918631426e-05 4.9622732052372e-06 1.30711770145401e-05 4.69658691238515e-08 3.47478283214463e-06 8.60648821033784e-06 2.85403966618607e-06 1.23831104559506e-07 9.48276976354375e-11 3.49755922474637e-10 8.80812212975124e-07 1.7199560546796e-05 8.20301203955911e-07 1.67239677234742e-05 2.00282269863294e-88 5.36341017980044e-07 3.22941450681682e-06 1.28228485135547e-42 2.59532246489683e-13 6.47134558986637e-24 2.93067136931534e-08 9.19498631523411e-14 3.91664670931242e-05 0.999874624835264 0.965805964559788 0.0316957414835172 0.00249728251181345 8.71585984176965e-84 0.999805088168889 0.0882473518003512 1.00000017179276 
<NMU>
-25.064514243152 -41.0934573974926 -11.201075903405 -12.2136466147107 -11.2451009797126 -16.8738446878934 -12.5699785752472 -11.6629941960914 -12.7667751405528 -15.9043472597923 -23.0789595801905 -21.7737855690749 -13.9424213858585 -10.9706267240761 -14.0135942422368 -10.9986676744243 -201.932930648617 -14.4384956506079 -12.6432097044 -96.4599303789877 -28.9798954360955 -53.3946581712636 -17.345449210886 -30.0175329321449 -10.1476896085559 -0.000125383024859268 -0.0347923297906041 -3.45157294518246 -5.99255213359043 -191.252003475115 -0.000194930828890122 -2.42761159154701 1.71792748591847e-07 
<W>
1.8648681740746e-17 2.23162531709459e-31 2.05664993094038e-05 2.71337477201705e-06 1.88210855467789e-05 2.4289481713595e-10 1.32925172801398e-06 8.16043661900619e-06 8.97541038177076e-07 1.68919343246101e-09 9.89982310022765e-16 1.34510355366777e-14 8.54847543070365e-08 3.25900732504263e-05 7.41236891075645e-08 3.08129205267899e-05 0 3.16676255891881e-08 1.14917358790591e-06 0 7.4203579602558e-21 4.6112971643759e-42 9.46448362447483e-11 9.31460296153914e-22 0.00016898275612213 110146.296935523 1.3379256765623 0.0014411560081051 8.94516054386559e-06 0 1.00588083857248e-06 0 0.358852445567272 
<F>
-490.379611870308 -37.939416299206 -0.034519914102758 -502.748301747223 -508.933202182468 -496.563878357659 -50.3073996959492 -56.491806244546 -62.676469475508 -68.8613325215797 -75.0463506781284 -44.1232269273372 -9.97938557702964 -16.1642148821654 -297.367895395994 -291.183097743905 0 -284.998704089519 -536.741819843953 0 -530.557183035885 -524.372659858517 -5.99242778154222 -89.4760384660929 -6.18477862399253 -95.6607942740549 -0.0347933979287537 -95.6607297696587 -5.9925525505684 0 -62.6763662310486 0 -345.420327483346 
<F0>
-0.484214300579082 -0.860825423251701 0 -0.0538032723601328 0 -0.215206355812925 -0.215206355812925 -0.0538032723601328 0 -0.0538032723601328 -0.215206355812925 -0.484214300579082 -0.0538032723601328 0 0 -0.0538032723601328 0 -0.215206355812925 0 -0.860852357762124 -0.0538032723601328 -0.215206355812925 0 -0.0538032723601328 -0.0538032723601328 0 0 0 0 0 0 0 0 
<YOF>
0 0 0 0 0 
<lnGmM>
0 0 0 0 0 0 0 0 0 0 0 0 0 0 0 0 0 0 0 0 0 0 0 0 0 0 0 0 0 0 0 0 0 
<fDQF>
0 0 0 0 0 0 0 0 0 0 0 0 0 0 0 0 0 0 0 0 0 0 0 0 0 0 0 0 0 0 0 0 0 
<FVOL>
999.222913956873 4947.24721126114 0.0567920763432432 0 2.26494690110889 
<FWGT>
997.003142783565 0.516455048764924 0.0488410540376409 0 5.99766705921897 
<Y_la>
-9.35122352914154 -16.4760800892594 -3.12009804697279 -3.58321977620928 -3.1392178946785 -5.67722165430552 -3.80807635073772 -3.34407446935683 -3.80007258598445 -5.18607070072081 -8.37206881159885 -7.92207822455273 -4.33401711977037 -3.0200152400314 -4.341559241776 -3.0555611268156 -85.9538900857767 -4.61956300590674 -3.74640879890946 -40.521433787506 -10.8647091215347 -21.53800942471 -5.78856546915852 -11.3153493602837 -2.68598604858917 -5.44599836918414e-05 -0.0151101168405784 -1.49899908397542 -2.60253232412915 -83.0596897619691 -8.46573833395732e-05 -1.05429831841051 7.46086427297433e-08 
<Y_w>
0.000136484692951435 2.27558435622076e-11 1.52790609998633 52.6162437634576 139.306581996288 0.495196585749972 55.925884147292 139.050173861048 46.2745698513355 2.01442060073401 0.00154744163610004 0.0056062991515895 8.85424771933505 173.843766224237 4.09689722597785 82.5950085934459 0 2.61788320702906 17.2205371233515 0 1.36926657131038e-06 3.3772254695259e-17 0.0455504447620877 8.67513731920294e-08 2.18981625925244 999.271318024615 0 0 0 0 4.86675005744853 0 597.635474502978 
<Fx>
-490.378939152583 -37.9376042604342 -0.0347923298628757 -502.748417603305 -508.933156828666 -496.563678377944 -50.307082711156 -56.4918219365169 -62.6765611618779 -68.8613003872388 -75.0460396125997 -44.1223434857951 -9.97947101054609 -16.164210235907 -297.367844350621 -291.18310512526 -191.252003872389 -284.9983658999 -536.741915843668 -1739.585529409 -530.557176618307 -524.372437392946 -5.99255214603833 -89.4760550406964 -6.18473922536092 -95.6607942660573 -0.0347923298628757 -95.6607942660573 -5.99255214603833 -191.252003872389 -62.6765611618779 -345.420327311554 -345.420327311554 
<Wx>
1.30102206321867e-11 1.42321736075801e-18 1.36628336459702e-05 4.96267099600729e-06 1.30702208871128e-05 4.69536887638464e-08 3.47347525787329e-06 8.60631605503688e-06 2.8542220068092e-06 1.23822704354102e-07 9.47925726359971e-11 3.49412512391069e-10 8.80856020064695e-07 1.71990025620399e-05 8.20236527589153e-07 1.67234942344421e-05 0 5.36127820073391e-07 3.22963476094387e-06 0 2.59521307776586e-13 6.46952131404401e-24 2.93095435448722e-08 9.19481015328996e-14 3.91635261691468e-05 0.999874616839553 0.965804932946378 0.0316977855831376 0.00249728147048472 0 1 0 1 
<VL>
-25.0652858648864 -41.0936116182012 -11.2008312841947 -12.2135664549109 -11.2451741301563 -16.8741040664584 -12.57035494995 -11.6630141992586 -12.766711253985 -15.9044150980819 -23.0793300574585 -21.7747679077906 -13.9423716522154 -10.9706591664055 -14.0136730900019 -10.9986959868286 -54.7552246294886 -14.438893234019 -12.6431415042306 -54.7552246294886 -28.9799375847832 -53.3949401115459 -17.345352655703 -30.0175520908065 -10.1477646991784 -0.000125391021572094 -0.0347933979285105 -3.45150845596043 -5.99255255057527 -54.7552246294886 0 0 0 
<Gamma>
0.616249066717498 0.422854566023322 1.00012539102124 0.947737333771728 1.00012539102124 0.8064707045299 0.8064707045299 0.947737333771728 1.00012539102124 0.947737333771728 0.8064707045299 0.616249066717498 0.947737333771728 1.00012539102124 1.00012539102124 0.947737333771728 1.00012539102124 0.8064707045299 1.00012539102124 0.422854566023322 0.947737333771728 0.8064707045299 1.00012539102124 0.947737333771728 0.947737333771728 0.999999984277092 1 1 1 1 1 1 1 
<lnGmf>
0 0 0 0 0 0 0 0 0 0 0 0 0 0 0 0 0 0 0 0 0 0 0 0 0 0 0 0 0 0 0 0 0 
<BF>
0.001 0.000832875996279338 110.621021765869 0.001 3.24223150438607e-06 55.3039467006347 0.001 0.000178631652775307 0 0 0 0.398140376061334 0 0.000996757768495614 0.00632588164320301 0 0 0 
<BFC>
0 0.000167124003720662 0.000668496014882647 0 0 0.199642736694449 0 0.0998213683472247 0 
<XFA>
55.3032321740186 0 
<YFA>
55.3032321740194 0 
<PUL>
1000000 1000000 
<PLL>
0 0 
<Y_m>
7.22286808176591e-10 7.90125820234175e-17 0.000758517844069559 0.000275511991308497 0.000725617834901314 2.60672212625309e-06 0.000192836495876395 0.000477795782968727 0.000158457489800394 6.87424974842152e-06 5.26258751974709e-09 1.93982911932747e-08 4.8902374616281e-05 0.000954834896006591 4.55369697571872e-05 0.000928436159051097 0 2.97641418145879e-05 0.000179299233195727 0 1.44078123151904e-11 3.59167613867427e-22 1.62717430046998e-06 5.1046713696609e-12 0.00217423663390242 55.50837344 0 0 0 0 0.000167744118076217 0 0.100191755976322 
<IC_m>
0.00100373727062287 0.000835988679272729 0.0146118228414594 0.00100373727062287 3.25434860093997e-06 0.00071719699551883 0.00100373727062287 0.00017929924760354 4.33680868994202e-19 
<IC_lm>
-2.99837994315669 -3.07779959721556 -1.83529559814011 -2.99837994315669 -5.48753591652093 -3.14436153191251 -2.99837994315669 -3.7464215250794 0 
<IC_wm>
0.189668109169426 0.240767066689057 0.0147165247501667 0.178703548285861 4.55504447620877e-05 0.0114660732277464 0.088282973566029 0.00503212925175481 0 
<Aalp>
0 0 0 0 0 
<Xr0h0>
0 0 0 0 0 0 0 0 0 0 
<Sigw>
0 0 0 0 0 
<Sigg>
0 0 0 0 0 
<EZ>
-3 -4 0 -1 0 -2 -2 -1 0 1 2 -3 -1 0 0 -1 0 -2 0 -4 -1 -2 0 -1 1 0 0 0 0 0 0 0 0 
<Xcond>
0 0 0 0 0 
<Xeps>
0 0 0 0 0 
<Fug>
0.965805964489987 0.0316957412562681 0.00249728248072753 0 
<Fug_l>
-0.0151101168057861 -1.49899908052385 -2.6025323181366 -83.0596895707171 
<Ppg_l>
-0.0151101168057861 -1.49899908052385 -2.6025323181366 -83.0596895707171 
<sMod>
'SNNSNNNN' 'INNINNNN' 
<LsMod>
0 2 2 0 0 0 
<IPxPH>

<PMc>

<LsMdc>
0 0 0 0 0 0 
<DMc>

<MoiSN>

<SitFr>

<LsMdc2>
0 0 0 0 0 0 
<DQFc>

<LsPhl>
0 0 0 0 0 0 0 0 0 0 
<PhLin>

<lPhc>

<lnDQFt>
0 0 0 0 0 0 0 0 0 0 0 0 0 0 0 0 0 0 0 0 0 0 0 0 0 0 0 0 0 0 
<lnRcpt>
0 0 0 0 0 0 0 0 0 0 0 0 0 0 0 0 0 0 0 0 0 0 0 0 0 0 0 0 0 0 
<lnExet>
0 0 0 0 0 0 0 0 0 0 0 0 0 0 0 0 0 0 0 0 0 0 0 0 0 0 0 0 0 0 
<lnCnft>
0 0 0 0 0 0 0 0 0 0 0 0 0 0 0 0 0 0 0 0 0 0 0 0 0 0 0 0 0 0 
<SorMc>
0 0 0 0 0 0 0 0 0 0 0 0 0 0 0 0 
0 0 0 0 0 0 0 0 0 0 0 0 0 0 0 0 
<LsISmo>
0 0 0 0 0 0 0 0 
<xSMd>

<IsoPc>

<IsoSc>

<IsoCt>

<LsESmo>
0 0 0 0 0 0 0 0 
<EImc>

<mCDc>

<lnScalT>
0 0 0 0 0 0 0 0 0 0 0 0 0 0 0 0 0 0 0 0 0 0 0 0 0 0 0 0 0 0 
<lnSACT>
0 0 0 0 0 0 0 0 0 0 0 0 0 0 0 0 0 0 0 0 0 0 0 0 0 0 0 0 0 0 
<lnGammF>
0 0 0 0 0 0 0 0 0 0 0 0 0 0 0 0 0 0 0 0 0 0 0 0 0 0 0 0 0 0 
<CTerms>
0 0 0 0 0 0 0 0 0 0 0 0 0 0 0 0 0 0 0 0 0 0 0 0 0 0 0 0 0 0 
<kMod>
'NNNNNN' 'NNNNNN' 'NNNNNN' 'NNNNNN' 'NNNNNN' 
<LsKin>
0 0 0 0 0 0 0 0 0 0 0 0 0 0 0 0 0 0 0 0 0 0 0 0 0 0 0 0 0 0 
<xSKrC>

<ocPRkC>

<feSArC>

<rpConC>

<apConC>

<AscpC>

<LsUpt>
0 0 0 0 
<UMpcC>

<PfFact>
1 1 1 1 1 
<PrT>
0 0 0 0 0 
<PkT>
0 0 0 0 0 
<PvT>
0 0 0 0 0 
<emRd>
0 0 0 0 0 0 0 0 0 0 0 0 0 0 0 0 0 0 0 0 0 0 0 0 0 0 0 0 0 0 
<emDf>
0 0 0 0 0 0 0 0 0 0 0 0 0 0 0 0 0 0 0 0 0 0 0 0 0 0 0 0 0 0 
<Wb>
0 0 0 0 0 0 0 0 0 0 0 0 0 0 0 0 0 0 0 0 0 0 0 0 0 0 0 0 0 0 
<Wabs>
0 0 0 0 0 0 0 0 0 0 0 0 0 0 0 0 0 0 0 0 0 0 0 0 0 0 0 0 0 0 
<Rion>
0 0 0 0 0 0 0 0 0 0 0 0 0 0 0 0 0 0 0 0 0 0 0 0 0 0 0 0 0 0 
<Qp>
0 0 0 0 0 0 0 0 0 0 0 0 0 0 0 0 0 0 0 0 0 0 0 0 0 0 0 0 0 0 0 0 0 0 0 0 0 0 0 0 
0 0 0 0 0 0 0 0 0 0 0 0 0 0 0 0 0 0 0 0 0 0 0 0 0 0 0 0 0 0 0 0 0 0 0 0 0 0 0 0 
0 0 0 0 0 0 0 0 0 0 0 0 0 0 0 0 0 0 0 0 0 0 0 0 0 0 0 0 0 0 0 0 0 0 0 0 0 0 0 0 
0 0 0 0 0 0 0 0 0 0 0 0 0 0 0 0 0 0 0 0 0 0 0 0 0 0 0 0 0 0 0 0 0 0 0 0 0 0 0 0 
0 0 0 0 0 0 0 0 0 0 0 0 0 0 0 0 0 0 0 0 0 0 0 0 0 0 0 0 0 0 0 0 0 0 0 0 0 0 0 0 
0 0 0 0 0 0 0 0 0 0 0 0 0 0 0 0 0 0 0 0 0 0 0 0 0 0 0 0 0 0 0 0 0 0 0 0 0 0 0 0 
0 0 0 0 0 0 0 0 0 0 0 0 0 0 0 0 0 0 0 0 0 0 0 0 0 0 0 0 0 0 0 0 0 0 0 0 0 0 0 0 
0 0 0 0 0 0 0 0 0 0 0 0 0 0 0 0 0 0 0 0 0 0 0 0 0 0 0 0 0 0 0 0 0 0 0 0 0 0 0 0 
0 0 0 0 0 0 0 0 0 0 0 0 0 0 0 0 0 0 0 0 0 0 0 0 0 0 0 0 0 0 0 0 0 0 0 0 0 0 0 0 
<Qd>
0 0 0 0 0 0 0 0 0 0 0 0 0 0 0 0 0 0 0 0 0 0 0 0 0 0 0 0 0 0 0 0 0 0 0 0 0 0 0 0 
0 0 0 0 0 0 0 0 0 0 0 0 0 0 0 0 0 0 0 0 0 0 0 0 0 0 0 0 0 0 0 0 0 0 0 0 0 0 0 0 
0 0 0 0 0 0 0 0 0 0 0 0 0 0 0 0 0 0 0 0 0 0 0 0 0 0 0 0 0 0 0 0 0 0 0 0 0 0 0 0 
<H0>
-1519920 -1704800 -4039 -1519020 -1523520 -1516620 -1739800 -1732700 -1730800 `  `  -1724600 `  `  -820060 -823360 -12059 -830660 -1461899.99993243 `  -1432583 -1406819 -10437 -230014.999110029 0 -285830.098086332 0 -241826 0 0 -1759800 -903684 -910700 
<A0>
0 0 0 0 0 0 0 0 0 0 0 0 0 0 0 0 0 0 0 0 0 0 0 0 0 0 0 0 0 0 0 0 0 
<U0>
0 0 0 0 0 0 0 0 0 0 0 0 0 0 0 0 0 0 0 0 0 0 0 0 0 0 0 0 0 0 0 0 0 
<S0>
75.5869979858398 1.17549435082229e-38 57.6883163452148 291.879425048828 336.709777832031 208.416610717773 1.17549435082229e-38 1.17549435082229e-38 1.17549435082229e-38 1.17549435082229e-38 1.17549435082229e-38 1.17549435082229e-38 1.17549435082229e-38 1.17549435082229e-38 191.318069458008 153.447006225586 109.298728942871 47.5970001220703 178.259994964611 1.17549435082229e-38 88.8862762451172 -80.4642639160156 95.6077194213867 -10.8999935898519 0 69.949401641441 130.679992675781 188.835006713867 191.608993530273 205.151992797852 1.17549435082229e-38 44.806583404541 41.4599990844727 
<Cp0>
1.17549435082229e-38 1.17549435082229e-38 173.022994995117 1.17549435082229e-38 1.17549435082229e-38 1.17549435082229e-38 1.17549435082229e-38 1.17549435082229e-38 1.17549435082229e-38 1.17549435082229e-38 1.17549435082229e-38 1.17549435082229e-38 1.17549435082229e-38 1.17549435082229e-38 1.17549435082229e-38 1.17549435082229e-38 229.162002563477 1.17549435082229e-38 195.074612763665 1.17549435082229e-38 -17.4790000915527 -229.957992553711 246.901992797852 -136.387340459613 0 75.3605258482016 28.8373256652201 33.5905479988852 29.1244101905586 29.3825885202285 1.17549435082229e-38 44.2980003356934 44.5867514197975 
<VPh>
0 0 6.38996037478654e-07 0 0 0 0 0 0 0 
<GPh>
0 -3.74844217265644 -0.0115646740631098 0 0 0 -391.575723577606 0 0 0 
<HPh>
0 0 0.00567198909291012 0 0 0 0 0 0 0 
<SPh>
0 0.0125723366515393 5.78120515043433e-05 0 0 0 1.31335141230121 0 0 0 
<CPh>
0 0 0.000106255349396642 0 0 0 0 0 0 0 
<APh>
0 -3.74844217265644 -0.0115653130591473 0 0 0 -391.575723577606 0 0 0 
<UPh>
0 0 0.00567135009687264 0 0 0 0 0 0 0 