
PitzerTHE G  KCaSO4      10   0       0       100     0   

<Short_PARAM>
2 2 -4 1 130 1 0 30000 1 9999 
<Double_PARAM>
1000 1e-15 1e-20 5e-06 0.01 0.01 1e-05 1e-05 1e-05 1e-05 1e-05 1e-05 1e-06 1e-17 0 0 1 1000 0.001 12.05 1e-13 1e-13 1e-33 1e-20 1e-05 1e-10 0.001 1e-10 
<Short_Const>
8 8 36 13 12 0 0 0 24 1 0 2 1 0 83 1 2 1 1 0 0 0 0 2 1 2 0 0 0 1 83 0 0 0 0 0 1 0 0 
<Double_Const>
100 100 373.15 373.15 1e-09 1e-09 0 1.72798829689345e-38 -13772370.6985365 0 0 0 0 0 0 0 0 0 0 0 
0 0 0 0 0 0 1.03087831180856 -4439.03529121241 0.192027135404649 6.73351177222671 9.45251238431157 0.698465310853683 1e-15 1e-20 55.50837344 0 4.99999487146852e-06 5e-06 -20.7232658369464 3102.5594065 
31.0986177405206 55.5084297809403 4.01653388216503 0 1.66e-24 4.01653489716345 4.01988803930592 0 19.9541974579298 0 0 1 1 
<Add_Double_Const>
1e-13 1e-13 1e-33 1e-20 1e-05 1e-05 1e-05 1e-05 1e-05 1e-05 1e-06 1 
<EpsW>
55.4558608646226 0 0 0 0 
<EpsWg>
0 0 0 0 0 
<DenW>
0.95836768066791 0 0 0 0 
<DenWg>
0 0 0 0 0 
Error Code 
Error Message
<L1>
13 1 1 1 1 1 1 1 1 1 1 1 1 1 1 1 1 1 1 1 1 1 1 1 
<muk>
0 46 47 48 51 53 54 55 69 70 71 78 79 80 90 92 118 119 120 121 127 128 132 133 
<mui>
3 4 7 8 10 12 16 20 
<muj>
23 35 39 53 58 59 60 68 76 99 108 109 110 187 188 189 192 194 195 196 210 211 212 219 220 221 231 233 259 260 261 262 268 269 273 274 
<DUL>
1000000 1000000 1000000 1000000 1000000 1000000 1000000 1000000 1000000 1000000 1000000 1000000 1000000 1000000 1000000 1000000 1000000 1000000 1000000 1000000 1000000 1000000 1000000 1000000 1000000 1000000 1000000 1000000 1000000 1000000 1000000 1000000 1000000 1000000 1000000 1000000 
<DLL>
0 0 0 0 0 0 0 0 0 0 0 0 0 0 0 0 0 0 0 0 0 0 0 0 0 0 0 0 0 0 0 0 0 0 0 0 
<Vol>
0 1.17549435082229e-37 0 1.17549435082229e-37 1.17549435082229e-37 0 1.17549435082229e-37 0 0 0 1.17549435082229e-37 0 0 1.17549435082229e-37 1.17549435082229e-37 1.17549435082229e-37 1.17549435082229e-37 1.17549435082229e-37 1.17549435082229e-37 1.17549435082229e-37 1.17549435082229e-37 1.17549435082229e-37 1.17549435082229e-37 1.17549435082229e-37 1.17549435082229e-37 1.17549435082229e-37 1.17549435082229e-37 1.17549435082229e-37 1.17549435082229e-37 1.17549435082229e-37 1.17549435082229e-37 1.17549435082229e-37 1.17549435082229e-37 1.17549435082229e-37 1.17549435082229e-37 1.17549435082229e-37 
<Pparc>
0 0 0 0 0 0 0 0 0 0 0 0 0 0 0 0 0 0 0 0 0 0 0 0 0 0 0 0 0 0 0 0 0 0 0 0 
<MM>
40.0790962750325 136.140598297119 35.4524505349691 2.01588010787964 97.0699906560476 39.098849513859 175.239447810978 22.9903175619547 31.99880027771 96.0615020220866 17.0067916127737 1.00848863396095 18.0152802467346 219.075678825378 185.076676845551 549.445398807526 74.0926795005798 136.140598297119 145.148238420486 172.171158790588 872.977472782135 328.415079593658 74.5513000488281 136.168840169907 310.428041219711 991.272242069244 664.81974029541 174.259201049805 278.182735443115 456.255433082581 876.790969371796 58.4427680969238 138.075588464737 262.102445363998 142.042137145996 322.194939613342 
<Awt>
40.0779991149902 35.4529991149902 1.00794005393982 39.0983009338379 22.9897689819336 15.999400138855 32.064998626709 0.000548580021131784 
<A>
1 0 0 0 0 0 0 2 1 0 0 0 0 4 1 0 0 1 0 0 0 0 0 -1 0 0 2 0 0 0 0 0 0 0 1 0 0 4 1 -1 
0 0 0 1 0 0 0 1 1 0 0 1 0 4 1 1 0 0 0 0 1 0 0 1 0 0 0 0 0 2 0 0 0 0 0 0 0 4 1 -2 
0 0 1 0 0 1 0 -1 0 0 1 0 0 0 0 1 0 0 2 0 0 1 0 0 1 2 12 0 0 6 0 0 2 2 2 0 0 2 0 0 
4 2 30 0 0 18 0 0 1 0 2 0 0 2 0 0 1 0 0 0 0 4 1 0 1 0 1 0 0 4.5 1 0 1 0 4 0 0 6 1 0 
5 0 2 2 0 25 6 0 1 0 2 2 0 9 2 0 0 1 0 1 0 0 0 0 0 0 1 1 0 4 1 0 0 0 1 3 0 8 2 0 
0 0 6 8 0 28 7 0 0 0 0 6 2 16 4 0 0 0 0 2 0 4 1 0 1 0 0 0 2 8 2 0 1 0 4 0 4 14 3 0 
5 0 6 0 2 27 6 0 0 1 0 0 1 0 0 0 0 0 3 0 1 5 1 0 0 0 1 0 3 8 2 0 0 0 0 0 2 4 1 0 
0 0 20 0 2 14 1 0 
<XFs>
55.6948698414251 0 0 0 0 0.146570513921063 0 0 0 0 0 0 0 0 0 0 0 0 0 0 0 0 0 0 
<Falps>
-8.59891333156953e-10 -32.6208678170932 -36.4107647388549 -73.7841775134457 -8.32466397027867 3.84187666898319e-07 -0.457151183845971 -0.45155113487924 -1.67192754896307 -2.02561164208915 -13.3758169767521 -8.45887346049417 -11.1799033733838 -53.3833228629347 -29.96055448288 -2.71533099823545 -22.4898797023636 -45.9791395932342 -23.5765921745123 -23.4568278803973 -19.6966657045401 -41.5504994379958 -23.0740447334085 -25.2963720009725 
<G>
-174.492158373665 -417.062105178569 -40.0748204278824 7.86564783129095 -243.787029376984 -89.8543389626171 -511.139207334387 -82.1779732743036 6.27751877248816 -237.890769270546 -46.5113422219117 3.57081513635273 -78.3358680728265 -717.003654751099 -548.226553143584 -2022.2113161283 -290.816538654497 -428.987185837726 -467.104166057231 -584.625892468983 -2656.08044027711 -939.31731274255 -134.075301346643 -336.690669666892 -767.080316494304 -2450.74307990747 -1707.62193852442 -430.402769063368 -843.845838631164 -1413.0817768101 -2792.30999414454 -125.857148757425 -404.14815081685 -742.132133249453 -413.513563982937 -1191.78867848396 
<G0>
-172.802369985866 -417.062105178569 -39.6452791766787 7.86564783129095 -243.28306351921 -89.4867712159899 -510.673924693136 -81.8276381904899 6.13115914993193 -236.234142297756 -46.0840127739172 4.01653388216503 -78.3366031790051 -717.003654751099 -548.226553143584 -2022.2113161283 -290.816538654497 -428.987185837726 -467.104166057231 -584.625892468983 -2656.08044027711 -939.31731274255 -134.075301346643 -336.690669666892 -767.080316494304 -2450.74307990747 -1707.62193852442 -430.402769063368 -843.845838631164 -1413.0817768101 -2792.30999414454 -125.857148757425 -404.14815081685 -742.132133249453 -413.513563982937 -1191.78867848396 
<lnGam>
-1.68978838779818 0 -0.42954125120376 0 -0.503965857773279 -0.367567746627173 -0.465282641250354 -0.350335083813742 0.146359622556231 -1.6566269727903 -0.427329447994512 -0.445718745812296 0.000735106178557312 0 0 0 0 0 0 0 0 0 0 0 0 0 0 0 0 0 0 0 0 0 0 0 
<lnGmo>
-1.68978838779818 0 -0.42954125120376 0 -0.503965857773279 -0.367567746627173 -0.465282641250354 -0.350335083813742 0.146359622556231 -1.6566269727903 -0.427329447994512 -0.445718745812296 0.000735106178557312 0 0 0 0 0 0 0 0 0 0 0 0 0 0 0 0 0 0 0 0 0 0 0 
<B>
0.15 1.71107569432981e-11 111.016868603113 0.12 1.71107569432981e-11 56.34853868047 0.21 0 
<U>
-227.845741649802 -47.117454961837 -37.2696991116392 -117.756803226069 -132.751036114112 -3.79982299169104 -185.942151336535 21.765214152725 
<Uc>
0 0 0 0 0 0 0 0 0 0 0 0 0 0 0 0 
<Uefd>
0 0 0 0 0 0 0 0 
<U_r>
-706904.94898656 -146184.703102187 -115631.455556241 -365347.477528409 -411867.97581846 -11789.176565906 -576896.570694015 67527.8699040239 
<C>
0 0 -1.4210854715202e-14 -5.712390196283e-18 0 -3.21964677141295e-15 0 -4.04405822150317e-17 
<XF>
55.6948698414251 0 0 0 0 0.146570513921063 0 0 0 0 0 0 0 0 0 0 0 0 0 0 0 0 0 0 
<YF>
55.6948698414251 0 0 0 0 0.146570513921063 0 0 0 0 0 0 0 0 0 0 0 0 0 0 0 0 0 0 
<Falp>
-8.59891333156953e-10 -32.6208678170932 -36.4107647388549 -73.7841775134457 -8.32466397027867 3.84187666898319e-07 -0.457151183845971 -0.45155113487924 -1.67192754896307 -2.02561164208915 -13.3758169767521 -8.45887346049417 -11.1799033733838 -53.3833228629347 -29.96055448288 -2.71533099823545 -22.4898797023636 -45.9791395932342 -23.5765921745123 -23.4568278803973 -19.6966657045401 -41.5504994379958 -23.0740447334085 -25.2963720009725 
<X>
0.00300776586958949 0.00036753019500686 1.71107569432981e-11 0 4.23217292571192e-06 0.11994580998566 5.41900143401693e-05 1.71107569432981e-11 5.21894566565938e-05 0.0630035336966637 4.5206163094846e-06 2.88443383691819e-07 55.5084297809403 0 0 0 0 0.146570513921063 0 0 0 0 0 0 0 0 0 0 0 0 0 0 0 0 0 0 
<Y>
0.00300776586958949 0.00036753019500686 1.71107569432981e-11 0 4.23217292571192e-06 0.11994580998566 5.41900143401693e-05 1.71107569432981e-11 5.21894566565938e-05 0.0630035336966637 4.5206163094846e-06 2.88443383691819e-07 55.5084297809403 0 0 0 0 0.146570513921063 0 0 0 0 0 0 0 0 0 0 0 0 0 0 0 0 0 0 
<XY>
0 0 0 0 0 0 0 0 0 0 0 0 0 0 0 0 0 0 0 0 0 0 0 0 0 0 0 0 0 0 0 0 0 0 0 0 
<XU>
0 0 0 0 0 0 0 0 0 0 0 0 0 0 0 0 0 0 0 0 0 0 0 0 0 0 0 0 0 0 0 0 0 0 0 0 
<MU>
0 0 0 0 0 0 0 0 0 0 0 0 0 0 0 0 0 0 0 0 0 0 0 0 0 0 0 0 0 0 0 0 0 0 0 0 
<EMU>
5.40010535816499e-05 6.60006009409361e-06 3.0722356733515e-13 1.62363166758876e-36 7.59888506317155e-08 0.00215362641891607 9.72964036998081e-07 3.07223567160478e-13 9.37061631620784e-07 0.00113122476008831 8.11678947029696e-08 5.17900901530147e-09 0.996652473365309 2.39404430257613e-33 3.88360687423165e-37 1.64369974036546e-74 4.73517495276998e-09 1.00000088462519 0.349018796114511 0.353548391009775 0.0212849410170819 0.00942732236459028 4.20903971143777e-14 3.47637437106002e-09 6.60840462711713e-12 4.13692013812711e-54 1.09507916746066e-30 0.00192605640667237 3.23683303346035e-23 1.04920513337279e-46 2.65098838842813e-24 3.49278714202682e-24 2.0106398945817e-20 2.81514365810266e-42 8.43247896666569e-24 5.0539157637031e-26 
<NMU>
-9.82650700081904 -11.9284318038076 -28.811200679994 -82.4083979374424 -16.3926792096362 -6.14060215126181 -13.842918716391 -28.8112006805625 -13.8805167813953 -6.78445437472319 -16.3267460533956 -19.0786521087644 -0.00335314213750786 -75.1123239561681 -83.8388841122005 -169.894347241286 -19.1682471621483 8.84624794712231e-07 -1.05262950116831 -1.03973491189748 -3.84975545080843 -4.66414317126966 -30.7989567772861 -19.4772759336568 -25.7426788486673 -122.919643438682 -68.9867261301155 -6.25228067908159 -51.7848617458917 -105.870881416073 -54.2871096846322 -54.0113422063299 -45.353248832961 -95.6735606123866 -53.1299514382243 -58.2470490762711 
<W>
9.04665552626743e-06 1.35078444241781e-07 2.92778003172624e-22 0 1.7911287673129e-11 0.014386997333116 2.93655765418775e-09 2.92778003172624e-22 2.72373938611048e-09 0.00396944525826664 2.04359718175782e-11 8.3199585595586e-14 3081.18577674559 0 0 0 0 0.0214829155510847 0 0 0 0 0 0 0 0 0 0 0 0 0 0 0 0 0 0 
<F>
-184.31525098266 -428.987345155136 -68.8826691142302 0 -260.176359276927 -95.991589081428 -524.978756135309 -110.985821960651 -7.59964618791037 -244.67186863145 -62.8347393408344 -15.5044867747698 -78.339221214969 0 0 0 0 -428.987185837726 0 0 0 0 0 0 0 0 0 0 0 0 0 0 0 0 0 0 
<F0>
-1.68978838779818 0 -0.42954125120376 0 -0.503965857773279 -0.367567746627173 -0.465282641250354 -0.350335083813742 0.146359622556231 -1.6566269727903 -0.427329447994512 -0.445718745812296 0.000735106178557312 0 0 0 0 0 0 0 0 0 0 0 0 0 0 0 0 0 0 0 0 0 0 0 
<YOF>
0 0 0 0 0 0 0 0 0 0 0 0 0 0 0 0 0 0 0 0 0 0 0 0 
<lnGmM>
0 0 0 0 0 0 0 0 0 0 0 0 0 0 0 0 0 0 0 0 0 0 0 0 0 0 0 0 0 0 0 0 0 0 0 0 
<fDQF>
0 0 0 0 0 0 0 0 0 0 0 0 0 0 0 0 0 0 0 0 0 0 0 0 0 0 0 0 0 0 0 0 0 0 0 0 
<FVOL>
5.06018578014937e-41 0 0 0 0 1.7229281111133e-38 0 0 0 0 0 0 0 0 0 0 0 0 0 0 0 0 0 0 
<FWGT>
1010.92411435063 0 0 0 0 19.9541974579298 0 0 0 0 0 0 0 0 0 0 0 0 0 0 0 0 0 0 
<Y_la>
-3.25564878670468 -3.43463735761281 -10.9532781149167 -34.0436977340993 -5.59230496290804 -1.08064752140802 -4.46815814304147 -10.9188793137335 -4.21885391513374 -1.92010029798538 -5.53038778709866 -6.73351177222671 -0.00113699857039357 -32.6208678170089 -36.4107647387608 -73.7841775132549 -8.32466397025715 3.8418766688726e-07 -0.457151183844789 -0.451551134878072 -1.67192754895874 -2.02561164208391 -13.3758169767175 -8.45887346047229 -11.1799033733549 -53.3833228627966 -29.9605544828026 -2.71533099822843 -22.4898797023054 -45.9791395931153 -23.5765921744514 -23.4568278803366 -19.6966657044891 -41.5504994378884 -23.0740447333489 -25.296372000907 
<Y_w>
119.245882206964 49.4950906108631 6.00063106158883e-07 0 0.406377670214667 4639.06549252683 9.39361130577068 3.89130826208984e-07 1.65195386720919 5986.81344493236 0.0760503963109987 0.000287748476730416 989.193851807746 0 0 0 0 1935.65013730112 0 0 0 0 0 0 0 0 0 0 0 0 0 0 0 0 0 0 
<Fx>
-184.315313344351 -428.987184953101 -68.882669114562 -74.5393982232784 -260.176356567664 -95.9915890733438 -524.978774026445 -110.985821961387 -7.59964598338208 -244.67187160875 -62.8347362560553 -15.5044849589142 -78.3392212149695 -792.115978863292 -632.065437429937 -2192.1056637225 -309.984785856462 -428.987184953101 -468.156795560586 -585.66562738304 -2659.93019573591 -943.981455923508 -164.874258187906 -356.167945641008 -792.822995396445 -2573.66272360148 -1776.60866479784 -436.655049755437 -895.630700484625 -1518.95265844609 -2846.59710394194 -179.868491075949 -449.501399744021 -837.805694060575 -466.643515531524 -1250.03572768122 
<Wx>
5.40043612302754e-05 6.59899549192403e-06 3.07223214490239e-13 0 7.59885594088252e-08 0.00215362402905637 9.72980356978292e-07 3.07223214490239e-13 9.37060393626702e-07 0.00113122687737754 8.11675531760059e-08 5.17899376572883e-09 0.996652473360373 0 0 0 0 1 0 0 0 0 0 0 0 0 0 0 0 0 0 0 0 0 0 0 
<VL>
-9.82644575113758 -11.9285931187085 -28.8112018284902 -54.7552246294886 -16.3926830420859 -6.14060326095336 -13.8429019430646 -28.8112018284902 -13.880518102541 -6.7844525030463 -16.3267502610652 -19.078655053265 -0.00335314214246138 0 0 0 0 0 0 0 0 0 0 0 0 0 0 0 0 0 0 0 0 0 0 0 
<Gamma>
0.184558574707399 1 0.650807583447901 1 0.604130008847485 0.692416416342842 0.62795759338538 0.704451999703292 1.15761241674013 0.190781406907485 0.652248634823125 0.640363851751336 1.00073537643532 1 1 1 1 1 1 1 1 1 1 1 1 1 1 1 1 1 1 1 1 1 1 1 
<lnGmf>
0 0 0 0 0 0 0 0 0 0 0 0 0 0 0 0 0 0 0 0 0 0 0 0 0 0 0 0 0 0 0 0 0 0 0 0 
<BF>
0.00342948607893652 1.71107569432981e-11 111.016868603113 0.12 1.71107569432981e-11 55.7622566247857 0.0634294860789365 4.04405822150317e-17 
<BFC>
0.146570513921063 0 0 0 0 0.586282055684254 0.146570513921063 0 
<XFA>
55.5084297809403 
<YFA>
55.5084297809403 
<PUL>
1000000 
<PLL>
0 
<Y_m>
0.00300776611454248 0.000367530224938584 1.71107583368012e-11 0 4.23217327038083e-06 0.119945819754068 5.41900187534136e-05 1.71107583368012e-11 5.21894609069123e-05 0.0630035388276826 4.52061667764439e-06 2.88443407182699e-07 55.50837344 0 0 0 0 0.1465705278652 0 0 0 0 0 0 0 0 0 0 0 0 0 0 0 0 0 0 
<IC_m>
0.00342948635823447 1.71107583368012e-11 9.04123335520791e-06 0.120000009772821 1.71107583368012e-11 0.253826864517072 0.063429491244645 1.25131647902286e-17 
<IC_lm>
-2.46477091520665 -10.7667307200129 -5.04377231093443 -0.920818716668226 -10.7667307200129 -0.595462413729066 -1.19770876948736 -16.9026328008671 
<IC_wm>
0.135961679106625 6.00072391345845e-10 9.01454457777829e-06 4.64109624595744 3.89121541022023e-10 4.01719296534278 2.01188828631358 2.19451639655013e-20 
<Aalp>
0 0 0 0 0 0 0 0 0 0 0 0 0 0 0 0 0 0 0 0 0 0 0 0 
<Xr0h0>
0 0 0 0 0 0 0 0 0 0 0 0 0 0 0 0 0 0 0 0 0 0 0 0 0 0 0 0 0 0 0 0 0 0 0 0 0 0 0 0 
0 0 0 0 0 0 0 0 
<Sigw>
0 0 0 0 0 0 0 0 0 0 0 0 0 0 0 0 0 0 0 0 0 0 0 0 
<Sigg>
0 0 0 0 0 0 0 0 0 0 0 0 0 0 0 0 0 0 0 0 0 0 0 0 
<EZ>
2 0 -1 0 -1 1 1 1 0 -2 -1 1 0 0 0 0 0 0 0 0 0 0 0 0 0 0 0 0 0 0 0 0 0 0 0 0 
<Xcond>
0 0 0 0 0 0 0 0 0 0 0 0 0 0 0 0 0 0 0 0 0 0 0 0 
<Xeps>
0 0 0 0 0 0 0 0 0 0 0 0 0 0 0 0 0 0 0 0 0 0 0 0 
<sMod>
'ZNNSNNNN' 
<LsMod>
89 4 6 
<IPxPH>
0 2 -1 -10 0 2 -1 -11 0 2 -1 -20 0 4 -1 -10 0 4 -1 -11 0 10 -1 -10 0 10 -1 -11 0 10 -1 -12 0 9 -1 -10 0 9 -1 -11 
0 9 -1 -12 11 2 -1 -10 11 2 -1 -11 11 4 -1 -10 11 4 -1 -11 11 9 -1 -10 11 9 -1 -20 5 2 -1 -10 5 2 -1 -11 5 2 -1 -20 
5 4 -1 -10 5 4 -1 -11 5 4 -1 -20 5 10 -1 -10 5 10 -1 -11 5 10 -1 -20 5 9 -1 -10 5 9 -1 -11 5 9 -1 -20 7 2 -1 -10 
7 2 -1 -11 7 2 -1 -20 7 4 -1 -10 7 4 -1 -11 7 4 -1 -20 7 10 -1 -10 7 10 -1 -11 7 10 -1 -20 7 9 -1 -10 7 9 -1 -11 
7 9 -1 -20 8 0 -1 -30 8 11 -1 -30 8 4 -1 -31 8 5 -1 -30 8 7 -1 -30 8 10 -1 -31 8 9 -1 -31 0 2 4 -51 0 2 10 -51 
0 2 9 -51 0 11 2 -50 0 9 4 -51 5 0 2 -50 5 2 10 -51 5 2 9 -51 5 11 2 -50 5 11 4 -50 5 11 9 -50 5 9 10 -51 
7 0 2 -50 7 0 10 -50 7 0 9 -50 7 2 10 -51 7 2 9 -51 7 11 2 -50 7 11 4 -50 7 11 9 -50 7 4 9 -51 7 5 2 -50 
7 5 10 -50 7 5 9 -50 7 9 10 -51 0 11 -1 -40 2 9 -1 -41 5 0 -1 -40 5 11 -1 -40 7 0 -1 -40 7 11 -1 -40 7 5 -1 -40 
10 2 -1 -41 10 9 -1 -41 9 4 -1 -41 8 0 2 -60 8 11 4 -60 8 5 2 -60 8 5 9 -60 8 7 2 -60 8 7 9 -60 
<PMc>
0.306544989347458 523608.1875 2228.55810546875 -4.19718885421753 0.00147522008046508 -22971638 1.70811200141907 0 0 -0.0154168149456382 3.17906160489656e-05 0 0.00222399993799627 -49450.01953125 -210.953659057617 0.398063957691193 -0.000140189062221907 2165261.25 0.298640996217728 988.074462890625 7.62426662445068 -0.014306066557765 0 0 2.36358499526978 0 -19.0681324005127 0.0642052590847015 0 0 -0.109825998544693 415.172943115234 0 0.000264073954895139 0 0 -0.23029999434948 0 0 0 
0 0 -5.71999979019165 0 0 0 0 0 0.199744001030922 55277.171875 457.918426513672 -1.25119304656982 0.000561539665795863 0 3.19739389419556 -80237.6796875 -665.416198730469 1.84005546569824 -0.000841657514683902 0 -54.5672607421875 0 0 0.581396639347076 0 0 0.176219999790192 9901.2216796875 50.0672149658203 -0.109028294682503 4.28321327490266e-05 -351026.15625 0.299522012472153 189788.671875 776.484436035156 -1.39639365673065 0.000467182166175917 -8599261 0.210417002439499 -3779.10693359375 
-21.0709896087646 0.0520151108503342 -2.39977271121461e-05 134621.03125 0.441130012273788 0 0 0.00160077796317637 -2.68451776719303e-06 0 0.0910340026021004 18216.37109375 101.572105407715 -0.263425171375275 0.000130352404084988 -648886.5 0.0552349984645844 12441.7001953125 69.3710327148438 -0.170623824000359 7.50016624806449e-05 -443201.09375 0.0480789989233017 -758.476318359375 -4.70618534088135 0.0100719835609198 -3.7598981634801e-06 0 0.218077003955841 112193.171875 478.321624755859 -0.907183110713959 0.00032392909633927 -4946662 -0.000788000004831702 91.2701110839844 0.58644312620163 -0.00129806285258383 4.95707638492604e-07 0 
-0.000300000014249235 0 0 0 0 0 0.0120270000770688 0 0 0 0 0 0.000538000022061169 7.12557315826416 0 0.000228653254453093 -1.83667793862696e-07 0 0.137338995933533 147.009414672852 0 0.000787878467235714 0 0 0.334879994392395 -2151.130859375 0 -0.017131183296442 0 0 0.00178900000173599 -22.3159847259521 0 -0.000202214592718519 0 0 0.0499490015208721 -14114.5205078125 -111.056266784668 0.290998905897141 
-0.000126103986985981 0 0.779290974140167 25616.791015625 252.606262207031 -0.801713287830353 0.00041861817589961 0 -0 9686.087890625 76.9901275634766 -0.203028038144112 8.86250854819082e-05 0 0.0753929987549782 9931.095703125 37.4687271118164 -0.0635240003466606 2.00079994101543e-05 -508663.3125 0.27632799744606 27034.783203125 102.278099060059 -0.171354994177818 5.46240007679444e-05 -1335514 0.00153000000864267 -4635.05517578125 -18.1161594390869 0.0311443991959095 -9.90520038612885e-06 221646.78125 0.105757996439934 -447.906768798828 -5.00062656402588 0.0151569731533527 -7.11501479599974e-06 -10.6418952941895 0.0207749996334314 282.418151855469 
3.15318655967712 0.0187472179532051 -2.88379596895538e-05 7.24542379379272 -0.00583400018513203 94.8299026489258 1.05868661403656 -0.00333883753046393 1.61486275374045e-06 1.86258161067963 0.104360997676849 -98.8884048461914 0 -0.00104785163421184 0 0 0.124582000076771 -206.111999511719 0 -0.00129580590873957 0 0 0.00215400010347366 17.3000564575195 0 0.000118266754725482 0 0 0.0195799991488457 1052.04040527344 7.85532760620117 -0.0129646137356758 0 0 1.11298799514771 -50431.46484375 -291.106994628906 0.422205835580826 0 0 
0.00497000012546778 -494.281555175781 -3.12028455734253 0.00468167662620544 0 0 0.276399999856949 9055 30.8199996948242 0 0 0 0.0364300012588501 3007 9.9060001373291 0 0 0 0.0329499989748001 5016 16.2800006866455 0 0 0 0.150499999523163 -1580 -5.32800006866455 0 0 0 0.148699998855591 1847 6.18499994277954 0 0 0 0.0623800009489059 1776 5.62400007247925 0 
0 0 0.126200005412102 7499 26.9599990844727 0 0 0 -0.00546699995175004 0 -40.7703628540039 0.240448385477066 -0.00017294792633038 0 -0.0378409996628761 98.1979293823242 0 0.00151968270074576 0 0 -0.0179210007190704 0 0 0 0 0 -0.011909999884665 19.816499710083 0.0171660855412483 0.000108083579107188 0 0 -0.194326996803284 -1756.36877441406 -7.28425121307373 0.00700155505910516 0 0 -0.0431879982352257 -27.0767250061035 
0 0 0 0 -0.00322699989192188 -1.70410060882568 0 2.0219382349751e-05 0 0 -0 -206.379623413086 0 -0.00199954397976398 0 0 -0.0131940003484488 43.6416358947754 0.111867800354958 2.12455197470263e-05 0 0 -0.0211689993739128 0 8.91181945800781 -0.052680816501379 3.8989630411379e-05 0 -0.00584900006651878 -40.4662055969238 0 0 0 0 -0.00973100028932095 -42.0903091430664 0 0 0 0 
-0.00109499995596707 -6187.98486328125 -57.1617088317871 0.173852920532227 -8.72254822752438e-05 0 0.255169987678528 0 -1196.01086425781 7.53769016265869 -0.00584347825497389 0 -0.0249879993498325 541.22314453125 5.64553117752075 -0.0189435537904501 1.02200228866423e-05 0 -0.00427399994805455 0 0.828412890434265 -0.00473162857815623 3.37394749294617e-06 0 0.00139999995008111 -128.330062866211 0 -0.00144069571979344 0 0 -0.00251100002788007 3.59304594993591 0 0 0 0 -0.0146329998970032 0 0 0 
0 0 0.013077000156045 2.47898840904236 0 0 0 0 0.0052319997921586 19.8971939086914 0 0.000140453150379471 0 0 -0.00179999996908009 0 0 2.04660645977128e-05 0 0 -0.00370900006964803 -184.024810791016 0 -0.0016045025549829 0 0 -0.00999999977648258 0 0 0.000353976443875581 0 0 -0.0114989997819066 -2.55446767807007 0 0.000147735612699762 0 0 0.0968620032072067 0 
0 0 0 0 0.0199999995529652 614.522583007812 0 0.00662042340263724 0 0 0.115598998963833 0 0 0 0 0 0.0153769999742508 -55.875358581543 0 0 0 0 0.0581329986453056 2267.21166992188 14.0147724151611 -0.0212735161185265 0 0 0.0345380008220673 -4.0542573928833 0 0 0 0 -0.0120000001043081 0 0 1.47816720641458e-07 0 0 
-0.0550730004906654 -49.3613471984863 0 0 0 0 -0.011625999584794 0 0.145311579108238 -0.0022722939029336 1.95384222934081e-06 0 -0.118509002029896 121059.8125 478.648406982422 -0.833976984024048 0.000270428223302588 -5704023.5 -0.0199699997901917 -28.5100002288818 0 0 0 0 -0.00302099995315075 -4656 -15.3299999237061 0 0 0 -0.0228700004518032 957.599975585938 3.13100004196167 0 0 0 -0.157499998807907 0 -2.94000005722046 0 
0 0 -0.0103200003504753 -569.900024414062 -1.99300003051758 0 0 0 0.0146800000220537 -8177 -29.1700000762939 0 0 0 
<LsMdc>
0 0 0 
<DMc>

<MoiSN>

<SitFr>

<LsMdc2>
0 0 0 
<DQFc>

<LsPhl>
0 0 0 0 0 0 0 0 0 0 0 0 0 0 0 0 0 0 0 0 0 0 0 0 0 0 0 0 0 0 0 0 0 0 0 0 0 0 0 0 
0 0 0 0 0 0 0 0 
<PhLin>

<lPhc>

<lnDQFt>
0 0 0 0 0 0 0 0 0 0 0 0 0 
<lnRcpt>
0 0 0 0 0 0 0 0 0 0 0 0 0 
<lnExet>
0 0 0 0 0 0 0 0 0 0 0 0 0 
<lnCnft>
0 0 0 0 0 0 0 0 0 0 0 0 0 
<SorMc>
0 0 0 0 0 0 0 0 0 0 0 0 0 0 0 0 
<LsISmo>
0 0 0 0 
<xSMd>

<IsoPc>

<IsoSc>

<IsoCt>

<LsESmo>
0 0 0 0 
<EImc>

<mCDc>

<lnScalT>
0 0 0 0 0 0 0 0 0 0 0 0 0 
<lnSACT>
0 0 0 0 0 0 0 0 0 0 0 0 0 
<lnGammF>
0 0 0 0 0 0 0 0 0 0 0 0 0 
<CTerms>
0 0 0 0 0 0 0 0 0 0 0 0 0 
<kMod>
'NNNNNN' 'NNNNNN' 'NNNNNN' 'NNNNNN' 'NNNNNN' 'NNNNNN' 'NNNNNN' 'NNNNNN' 'NNNNNN' 'NNNNNN' 'NNNNNN' 'NNNNNN' 'NNNNNN' 'NNNNNN' 'NNNNNN' 'NNNNNN' 'NNNNNN' 'NNNNNN' 'NNNNNN' 'NNNNNN' 'NNNNNN' 'NNNNNN' 'NNNNNN' 'NNNNNN' 
<LsKin>
0 0 0 0 0 0 0 0 0 0 0 0 0 0 0 0 0 0 0 0 0 0 0 0 0 0 0 0 0 0 0 0 0 0 0 0 0 0 0 0 
0 0 0 0 0 0 0 0 0 0 0 0 0 0 0 0 0 0 0 0 0 0 0 0 0 0 0 0 0 0 0 0 0 0 0 0 0 0 0 0 
0 0 0 0 0 0 0 0 0 0 0 0 0 0 0 0 0 0 0 0 0 0 0 0 0 0 0 0 0 0 0 0 0 0 0 0 0 0 0 0 
0 0 0 0 0 0 0 0 0 0 0 0 0 0 0 0 0 0 0 0 0 0 0 0 
<xSKrC>

<ocPRkC>

<feSArC>

<rpConC>

<apConC>

<AscpC>

<LsUpt>
0 0 
<UMpcC>

<PfFact>
1 1 1 1 1 1 1 1 1 1 1 1 1 1 1 1 1 1 1 1 1 1 1 1 
<PrT>
0 0 0 0 0 0 0 0 0 0 0 0 0 0 0 0 0 0 0 0 0 0 0 0 
<PkT>
0 0 0 0 0 0 0 0 0 0 0 0 0 0 0 0 0 0 0 0 0 0 0 0 
<PvT>
0 0 0 0 0 0 0 0 0 0 0 0 0 0 0 0 0 0 0 0 0 0 0 0 
<emRd>
0 0 0 0 0 0 0 0 0 0 0 0 0 
<emDf>
0 0 0 0 0 0 0 0 0 0 0 0 0 
<Wb>
0 0 0 0 0 0 0 0 0 0 0 0 0 
<Wabs>
0 0 0 0 0 0 0 0 0 0 0 0 0 
<Rion>
0 0 0 0 0 0 0 0 0 0 0 0 0 
<Qp>
0 0 0 0 0 0 0 0 0 0 0 0 0 0 0 0 0 0 0 0 0 0 0 0 0 0 0 0 0 0 0 0 0 0 0 0 0 0 0 0 
0 0 0 0 0 0 0 0 0 0 0 0 0 0 0 0 0 0 0 0 0 0 0 0 0 0 0 0 0 0 0 0 0 0 0 0 0 0 0 0 
0 0 0 0 0 0 0 0 0 0 0 0 0 0 0 0 0 0 0 0 0 0 0 0 0 0 0 0 0 0 0 0 0 0 0 0 0 0 0 0 
0 0 0 0 0 0 0 0 0 0 0 0 0 0 0 0 0 0 0 0 0 0 0 0 0 0 0 0 0 0 0 0 0 0 0 0 0 0 0 0 
0 0 0 0 0 0 0 0 0 0 0 0 0 0 0 0 0 0 0 0 
<Qd>
0 0 0 0 0 0 0 0 0 0 0 0 0 0 0 0 0 0 0 0 0 0 0 0 0 0 0 0 0 0 0 0 0 0 0 0 0 0 0 0 
0 0 0 0 0 0 0 0 0 0 0 0 0 0 0 0 0 0 0 0 
<H0>
-543000 -1359512.61063267 -167080 8596.19001535773 -869330.692942783 -252140 -1688522.43102879 -240340 2555.9780062411 -909340 -238181.409035411 0 -280178.750114441 -2752151.53069887 -1793317.26755133 -8694379.82529644 -982738.702165155 -1413885.92761374 -1554261.15184965 -1993915.97439154 -8798680.52305268 -3204386.68596514 -425278.61769866 -1174069.98529204 -2621862.97380433 -8450330.36010326 -5634557.91205596 -1410981.57209921 -2784030.73421884 -4742193.36948112 -9330998.15390964 -401584.793052362 -1542447.6297784 -2441686.0785914 -1368907.84461805 -4261070.24145418 
<A0>
0 0 0 0 0 0 0 0 0 0 0 0 0 0 0 0 0 0 0 0 0 0 0 0 0 0 0 0 0 0 0 0 0 0 0 0 
<U0>
0 0 0 0 0 0 0 0 0 0 0 0 0 0 0 0 0 0 0 0 0 0 0 0 0 0 0 0 0 0 0 0 0 0 0 0 
<S0>
-56.2000007629395 244.400315781847 56.5999984741211 95.4477425756144 184.328765639858 101.199996948242 140.500090372509 58.4500007629395 153.185834498694 18.5 -35.3635137254929 0 86.8573135252837 -84.2017690006761 265.38614166631 -3133.6013119644 85.9329622293783 164.441637538778 198.363028632305 276.83469576405 1081.10846223429 252.427940012139 115.873269151448 110.377378410466 265.741651739079 931.610221088957 903.907232625918 254.123830958738 377.380233658486 670.817432071483 1138.60637029444 100.349410552835 -140.273716533367 509.091342275189 205.069760652501 789.119864913738 
<Cp0>
1.17549435082229e-38 497.533970922232 1.17549435082229e-38 169.261690139771 209.179704412729 1.17549435082229e-38 3.52648305246686e-38 1.17549435082229e-38 190.955698013306 1.17549435082229e-38 -107.04134469393 0 75.3499984741211 -3294.5982030447 1883.25506051156 -25600.7546345855 123.830483695026 715.887548085266 924.116427635032 910.466449288651 1865.16115570068 -7553.28337815276 156.508588430218 -462.184774461787 -690.66203308769 -749.184465312464 1364.37924640236 327.747481441235 581.932312011719 628.220138549805 1872.53498077393 147.790160001967 -4762.11707465066 1892.73973024301 242.567136328667 1146.33729296063 
<VPh>
0 0 0 0 0 
<GPh>
0 0 0 0 0 
<HPh>
0 0 0 0 0 
<SPh>
0 0 0 0 0 
<CPh>
0 0 0 0 0 
<APh>
0 0 0 0 0 
<UPh>
0 0 0 0 0 