

Next record
07PSIna   G  simple      0    0       1       25      0   

<Short_PARAM>
2 2 -4 1 130 1 0 30000 1 9999 
<Double_PARAM>
1000 1e-13 1e-20 1e-05 0.01 0.01 1e-05 1e-05 1e-05 1e-05 1e-05 1e-05 1e-06 1e-17 0.7 -0.0065 1 1000 0.001 12.05 1e-13 1e-13 1e-33 1e-20 1e-05 1e-10 0.001 1e-10 
<Short_Const>
4 4 23 16 12 3 0 0 9 2 0 2 1 0 37 1 2 1 1 0 1 0 0 2 1 2 0 2 0 2 37 0 0 0 0 0 1 0 0 
<Double_Const>
25 25 298.15 298.15 1 1 0 1003.80309883116 -13242490.780041 0 0 0 0 0 0 0 0 0 0 0 
0 0 0 0 166.774940150627 1000 1.005 -5341.93015705887 1.00387002896372e-07 6.99891702395622 -2.50091376885353 -0.14765483482116 1e-13 1e-20 55.50837344 0 9.99999e-06 0 0 0 
0 1e-05 0 2478.9711565 38.9215133653371 55.4608763772123 4.01653388216503 6.12113604248066e-09 1.66e-24 5.80678787862142 -19.9150912205335 332.549221899854 5.88342468789311 
<Add_Double_Const>
1e-13 1e-13 1e-33 1e-20 1e-05 1e-05 1e-05 1e-05 1e-05 1e-05 1e-06 1 
<EpsW>
78.2451456494471 -0.355010888388417 0.00135076186526265 0.00406162824448407 0 
<EpsWg>
44.1020648929065 -0.203921304503049 0.000864734277252308 0.00370763636207359 0 
<DenW>
0.997061364306278 -0.00025866418191325 -9.46964566451448e-06 4.50858902637571e-05 0 
<DenWg>
0.000767104546309221 -7.87337651516304e-07 -3.78422904491598e-09 4.76763525268721e-08 0 
Error Code 
Error Message
<L1>
13 3 1 1 1 1 1 1 1 
<muk>
0 1 20 21 22 23 24 25 26 
<mui>
2 23 39 60 
<muj>
45 52 53 54 55 56 57 58 371 682 1133 1134 1135 1138 1139 1145 1164 1165 1166 1167 1168 1169 1170 
<DUL>
1000000 1000000 1000000 1000000 1000000 1000000 1000000 1000000 1000000 1000000 1000000 1000000 1000000 1000000 1000000 1000000 1000000 1000000 1000000 1000000 1000000 1000000 1000000 
<DLL>
0 0 0 0 0 0 0 0 0 0 0 0 0 0 0 0 0 0 0 0 0 0 0 
<Vol>
-45.2778047471733 0 0 0 0 0 0 0 0 0 -4.70764729114605 0 18.0678940764855 24789.711565 24789.711565 24789.711565 25.5900001525879 31.9600009918213 38.0399990081787 33.1800007820129 17.7600002288818 19.539999961853 29.1499996185303 
<Pparc>
0 0 0 0 0 0 0 0 0 0 0 0 0 0 0 0 0 0 0 0 0 0 0 
<MM>
26.9815006256104 60.9952998161316 78.0021994113922 95.0090990066528 894.980295181274 87.9768004417419 148.972100257874 43.988400220871 2.01579999923706 31.9979991912842 17.0068995952606 1.00789999961853 18.0147995948792 2.01579999923706 18.0147995948792 31.9979991912842 101.960000038147 78.0021994113922 78.0021994113922 78.0021994113922 59.9873998165131 59.9873998165131 59.9873998165131 
<Awt>
26.9815006256104 1.00789999961853 15.9989995956421 0 
<A>
1 0 0 3 1 2 2 1 1 3 3 0 1 4 4 -1 13 32 32 7 2 2 2 4 3 4 4 5 1 1 1 2 0 2 0 0 0 0 2 0 
0 1 1 -1 0 1 0 1 0 2 1 0 0 2 0 0 0 2 1 0 0 0 2 0 2 0 3 0 1 3 3 0 1 3 3 0 1 3 3 0 
1 1 2 0 1 1 2 0 1 1 2 0 
<XFs>
55.4608765794897 0 0 0 0 0 0.0980776747438234 0 0 
<Falps>
-5.53408728704593e-11 -1.49894456930709 -4.55577718009235 -0.864704537585878 -1.30895912068048 -1.10795912113562 1.36438715271547e-07 -0.721999862004839 -1.51199986046434 
<G>
-192.733638152505 -359.571448066184 -443.650874362244 -522.720156610264 -5384.54900897271 -563.25941688342 -936.870660248446 -276.941715906571 11.16606059591 10.6807041947896 -59.4049385683072 4.01653388216503 -95.6606688673104 0 -92.2092213137051 0 -638.271809113726 -465.880884403102 -464.857950420449 -465.320770024054 -372.211271628404 -370.548805191393 -368.729762967696 
<G0>
-192.733638152505 -359.571448066184 -443.650874362244 -522.720156610264 -5384.54900897271 -563.25941688342 -936.870660248446 -276.941715906571 11.16606059591 10.6807041947896 -59.4049385683072 4.01653388216503 -95.6606688673104 0 -92.2092213137051 0 -638.271809113726 -465.880884403102 -464.857950420449 -465.320770024054 -372.211271628404 -370.548805191393 -368.729762967696 
<lnGam>
0 0 0 0 0 0 0 0 0 0 0 0 0 0 0 0 0 0 0 0 0 0 0 
<lnGmo>
-3.64713592659882e-09 -3.64713592659882e-09 -3.64713592659882e-09 -3.64713592659882e-09 -3.64713592659882e-09 -3.64713592659882e-09 -3.64713592659882e-09 -3.64713592659882e-09 -3.64713592659882e-09 -3.64713592659882e-09 -3.64713592659882e-09 -3.64713592659882e-09 0 0 0 0 0 0 0 0 0 0 0 
<B>
0.0980776774839019 111.019830637945 55.6570318351983 0 
<U>
-211.96111948808 -10.3570630420053 -74.9465427847706 -5.75856677500244 
<Uc>
-211.96111948808 -209.803800836879 -10.3570630420053 -9.63795863974856 -74.9465427847706 -76.3847515827372 -5.75856677500244 -6.48120977264497 
<Uefd>
0.482570301796082 0.160856767260849 -0.321713534521698 -0.160856767260848 
<U_r>
-525445.5015104 -25674.8605471833 -185790.31784284 -14275.3209380103 
<C>
1.17539755436513e-12 -2.75014254264823e-13 2.40774951835246e-12 0 
<XF>
55.4608765794856 0 0 0 0 0 0.0980776747431808 0 0 
<YF>
55.4608764319485 0 0 0 0 0 0.0980774894143326 0 0 
<Falp>
9.45171775430926e-10 -1.49894461080834 -4.55577438891311 -0.864703140495452 -1.30895772359005 -1.1079577240452 1.53252861047053e-06 -0.721998465914944 -1.51199846437444 
<X>
7.77779257997312e-15 1.8015802839311e-11 1.6784673142087e-09 1.0430114248584e-09 0 1.44520189686599e-22 5.87490642455744e-29 8.24115993687987e-13 7.91767310089959e-13 0 9.92544594626314e-08 1.00277783519285e-07 55.4608763772123 0 0 0 0 0 0 0 0.0980776747431808 0 0 
<Y>
7.77779257997312e-15 1.8015802839311e-11 1.6784673142087e-09 1.0430114248584e-09 0 1.44520189686599e-22 5.87490642455744e-29 8.24115993687987e-13 7.91767310089959e-13 0 9.92544594626314e-08 1.00277783519285e-07 55.4608763772123 0 0 0 0 0 0 0 0.0980776747431808 0 0 
<XY>
2.01421640626127e-14 6.4193059718711e-11 4.73111798366831e-09 3.03935437866654e-09 0 4.60138945647523e-22 1.49671042408378e-28 2.79697827352856e-12 1.52544741877274e-12 0 1.64337527875573e-07 1.6730703481147e-07 55.460876229677 2.21470061861716e-16 3.74210796002822e-10 0 0 5.50434313266473e-08 4.2099931866845e-09 1.57796940745856e-08 0.0980774894143326 1.04964791681968e-07 2.34176496781491e-10 
<XU>
0 0 0 0 0 0 0 0 0 0 0 0 0 0 0 0 0 0 0 0 0 0 0 
<MU>
2.94459354079223e-38 1.57965412209057e-31 1.37104887186841e-27 5.29388034206719e-28 0 2.03315828378197e-53 5.03962025603348e-66 3.30568018105523e-34 7.25108304548303e-24 0 -3.14585489771094e-28 3.21105749536004e-28 0 0 0 0 0 0 0 0 4.68131085558343e-12 0 0 
<EMU>
1.40243170224915e-16 3.24847019124425e-13 3.02648301431907e-11 1.88070070203728e-11 5.98589316155624e-62 2.60587693869475e-24 1.05931798663655e-30 1.48598249562264e-14 1.42765386795728e-14 1.83527592074796e-70 1.79175063850103e-09 1.80602795985993e-09 0.999999998529134 1.00918169144028e-09 0.031699716292362 7.98472929520989e-66 2.78115767260549e-05 0.136551620843435 0.04909556659212 0.0779906025987426 1.00000352878376 0.189671262107373 0.0307610769155686 
<NMU>
-36.5031538278243 -28.7554220337862 -24.2210347989188 -24.6967916016836 -140.970870204412 -54.3042729765662 -69.0199274976071 -31.8401151352176 -31.880158856766 -160.57376167385 -20.1400726846985 -20.1321359004214 -1.47086609666928e-09 -20.7141260409827 -3.45144754790671 -149.893085258179 -10.4900581949554 -1.99105256116996 -3.01398654169787 -2.55116693905408 3.52877753305631e-06 -1.66246290478032 -3.48150512469848 
<W>
2.17495926410586e-27 1.16693228063461e-20 1.0128944461501e-16 3.91125871860749e-17 0 7.50923090548865e-43 1.24091010227697e-55 2.44182816234718e-23 2.25389430888056e-23 0 3.54191773627316e-13 3.61532933489218e-13 110588.984179532 0 0 0 0 0 0 0 0.34584279697199 0 0 
<F>
-228.285277048175 -387.056251914581 -466.835656497682 -546.347455163037 0 -616.405608448899 -1004.95545103629 -307.559875209338 -20.0583505968809 0 -79.0419598288576 -15.602579131841 -95.6606688734315 -14.3400429946548 -92.2092219055373 0 0 -465.880884403102 -464.857950420449 -465.320770024054 -372.211271628404 -370.548805191393 -368.729762967696 
<F0>
0 0 0 0 0 0 0 0 0 0 0 0 0 0 0 0 0 0 0 0 0 0 0 
<YOF>
0 0 0 0 0 0 0 0 0 
<lnGmM>
0 0 0 0 0 0 0 0 0 0 0 0 0 0 0 0 0 0 0 0 0 0 0 
<fDQF>
0 0 0 0 0 0 0 0 0 0 0 0 0 0 0 0 0 0 0 0 0 0 0 
<FVOL>
1002.06123930528 0 0 0 0 0 1.74185952588709 0 0 
<FWGT>
999.116575312084 0 0 0 0 0 5.88342468789311 0 0 
<Y_la>
-14.1087597729481 -10.7439626075397 -8.77470325262932 -8.98132180679746 -59.4785125322169 -21.839687590929 -28.2306151469952 -12.0836277998529 -12.1010185671562 -67.9919401267201 -7.00236392557179 -6.99891702395622 -6.38789027603693e-10 -8.99603063702397 -1.49894462463052 -65.0977398029125 -4.55577438890133 -0.864703140493217 -1.30895772358667 -1.10795772404233 1.53252861047066e-06 -0.721998465913077 -1.51199846437053 
<Y_w>
2.10042071714066e-10 1.09985093107763e-06 0.000131039906036506 9.91831966139568e-05 0 1.27256660554241e-17 8.75971003295005e-24 3.62835979849943e-08 1.59745577494471e-09 0 0.00168950317527819 0.000101159344633297 999.999997977976 0 0 0 0 0 0 0 585.41539183016 0 0 
<Fx>
-229.236819813087 -388.326897916634 -467.871936968408 -547.416976020181 -5525.51990722688 -617.563717729721 -1005.89061564636 -308.781858864861 -20.7141260840107 -149.893085569541 -79.5450390517735 -16.1156298170078 -95.6606688687813 -20.7141260840107 -95.6606688687813 -149.893085569541 -648.761867330471 -467.871936968408 -467.871936968408 -467.871936968408 -372.211268099626 -372.211268099626 -372.211268099626 
<Wx>
1.40239265220161e-16 3.24838047114005e-13 3.02639881972141e-11 1.88062556740078e-11 0 2.60580428222181e-24 1.05928841859137e-30 1.48594116161665e-14 1.42761412895307e-14 0 1.78963019670959e-09 1.80808147479545e-09 0.999999996352864 0 0 0 0 0 0 0 1 0 0 
<VL>
-36.5031816727391 -28.7554496533542 -24.2210626185921 -24.6968315528238 -54.7552246294886 -54.3043008587293 -69.019955410338 -31.8401429515486 -31.8801866923346 -54.7552246294886 -20.1412568324542 -20.1309995124987 -3.64713593324962e-09 0 0 0 0 0 0 0 0 0 0 
<Gamma>
1.00000000364714 1.00000000364714 1.00000000364714 1.00000000364714 1.00000000364714 1.00000000364714 1.00000000364714 1.00000000364714 1.00000000364714 1.00000000364714 1.00000000364714 1.00000000364714 1 1 1 1 1 1 1 1 1 1 1 
<lnGmf>
0 0 0 0 0 0 0 0 0 0 0 0 0 0 0 0 0 0 0 0 0 0 0 
<BF>
2.74032643569268e-09 110.921752963203 55.460876485711 -5.82713459971274e-22 0 0 0 0 
<BFC>
0.0980776747431808 0.0980776747431808 0.196155349486362 0 
<XFA>
55.4608763772123 0 
<YFA>
55.460876229677 0 
<PUL>
1000000 1000000 
<PLL>
0 0 
<Y_m>
7.78466976515782e-15 1.8031732553443e-11 1.67995142816875e-09 1.04393366373849e-09 0 1.44647975571499e-22 5.88010106288303e-29 8.2484468351148e-13 7.92467396953769e-13 0 9.93422210339401e-08 1.00366449921748e-07 55.50837344 0 0 0 0 0 0 0 0.0981617780877745 0 0 
<IC_m>
2.74274945381424e-09 2.08962733139733e-07 1.08594698283191e-07 0 
<IC_lm>
-8.56181384494782 -6.67993114609594 -6.96419136249646 0 
<IC_wm>
7.40034959543446e-08 2.10613538225958e-07 1.73740653040857e-06 0 
<Aalp>
0 0 0 0 0 0 0 0 0 
<Xr0h0>
0 0 0 0 0 0 0 0 0 0 0 0 0 0 0 0 0 0 
<Sigw>
0 0 0 0 0 0 0 0 0 
<Sigg>
0 0 0 0 0 0 0 0 0 
<EZ>
3 1 0 -1 7 4 5 2 0 0 -1 1 0 0 0 0 0 0 0 0 0 0 0 
<Xcond>
0 0 0 0 0 0 0 0 0 
<Xeps>
0 0 0 0 0 0 0 0 0 
<Fug>
1.00918164801725e-09 0.0316997160650926 0 
<Fug_l>
-8.99603061630984 -1.49894462117907 -65.0977396530194 
<Ppg_l>
-8.99603061630984 -1.49894462117907 -65.0977396530194 
<sMod>
'SNNSNNNN' 'INNINNNN' 
<LsMod>
0 2 2 0 0 0 
<IPxPH>

<PMc>

<LsMdc>
0 0 0 0 0 0 
<DMc>

<MoiSN>

<SitFr>

<LsMdc2>
0 0 0 0 0 0 
<DQFc>

<LsPhl>
0 0 0 0 0 0 0 0 0 0 0 0 0 0 0 0 0 0 
<PhLin>

<lPhc>

<lnDQFt>
0 0 0 0 0 0 0 0 0 0 0 0 0 0 0 0 
<lnRcpt>
0 0 0 0 0 0 0 0 0 0 0 0 0 0 0 0 
<lnExet>
0 0 0 0 0 0 0 0 0 0 0 0 0 0 0 0 
<lnCnft>
0 0 0 0 0 0 0 0 0 0 0 0 0 0 0 0 
<SorMc>
0 0 0 0 0 0 0 0 0 0 0 0 0 0 0 0 
0 0 0 0 0 0 0 0 0 0 0 0 0 0 0 0 
<LsISmo>
0 0 0 0 0 0 0 0 
<xSMd>

<IsoPc>

<IsoSc>

<IsoCt>

<LsESmo>
0 0 0 0 0 0 0 0 
<EImc>

<mCDc>

<lnScalT>
0 0 0 0 0 0 0 0 0 0 0 0 0 0 0 0 
<lnSACT>
0 0 0 0 0 0 0 0 0 0 0 0 0 0 0 0 
<lnGammF>
0 0 0 0 0 0 0 0 0 0 0 0 0 0 0 0 
<CTerms>
0 0 0 0 0 0 0 0 0 0 0 0 0 0 0 0 
<kMod>
'NNNNNN' 'NNNNNN' 'NNNNNN' 'NNNNNN' 'NNNNNN' 'NNNNNN' 'NNNNNN' 'NNNNNN' 'NNNNNN' 
<LsKin>
0 0 0 0 0 0 0 0 0 0 0 0 0 0 0 0 0 0 0 0 0 0 0 0 0 0 0 0 0 0 0 0 0 0 0 0 0 0 0 0 
0 0 0 0 0 0 0 0 0 0 0 0 0 0 
<xSKrC>

<ocPRkC>

<feSArC>

<rpConC>

<apConC>

<AscpC>

<LsUpt>
0 0 0 0 
<UMpcC>

<PfFact>
1 1 1 1 1 1 1 1 1 
<PrT>
0 0 0 0 0 0 0 0 0 
<PkT>
0 0 0 0 0 0 0 0 0 
<PvT>
0 0 0 0 0 0 0 0 0 
<emRd>
0 0 0 0 0 0 0 0 0 0 0 0 0 0 0 0 
<emDf>
0 0 0 0 0 0 0 0 0 0 0 0 0 0 0 0 
<Wb>
0 0 0 0 0 0 0 0 0 0 0 0 0 0 0 0 
<Wabs>
0 0 0 0 0 0 0 0 0 0 0 0 0 0 0 0 
<Rion>
0 0 0 0 0 0 0 0 0 0 0 0 0 0 0 0 
<Qp>
0 0 0 0 0 0 0 0 0 0 0 0 0 0 0 0 0 0 0 0 0 0 0 0 0 0 0 0 0 0 0 0 0 0 0 0 0 0 0 0 
0 0 0 0 0 0 0 0 0 0 0 0 0 0 0 0 0 0 0 0 0 0 0 0 0 0 0 0 0 0 0 0 0 0 0 0 0 0 0 0 
0 0 0 0 0 0 0 0 0 0 0 0 0 0 0 0 0 0 0 0 0 0 0 0 0 0 0 0 0 0 0 0 0 0 0 0 0 0 0 0 
0 0 0 0 0 0 0 0 0 0 0 0 0 0 0 0 0 0 0 0 0 0 0 0 0 0 0 0 0 0 0 0 0 0 0 0 0 0 0 0 
0 0 0 0 0 0 0 0 0 0 0 0 0 0 0 0 0 0 0 0 0 0 0 0 0 0 0 0 0 0 0 0 0 0 0 0 0 0 0 0 
0 0 0 0 0 0 0 0 0 0 0 0 0 0 0 0 0 0 0 0 0 0 0 0 0 0 0 0 0 0 0 0 0 0 0 0 0 0 0 0 
0 0 0 0 0 0 0 0 0 0 0 0 0 0 0 0 0 0 0 0 0 0 0 0 0 0 0 0 0 0 0 0 0 0 0 0 0 0 0 0 
0 0 0 0 0 0 0 0 0 0 0 0 0 0 0 0 0 0 0 0 0 0 0 0 0 0 0 0 0 0 0 0 0 0 0 0 0 0 0 0 
0 0 0 0 0 0 0 0 0 0 0 0 0 0 0 0 0 0 0 0 0 0 0 0 0 0 0 0 0 0 0 0 0 0 0 0 0 0 0 0 
<Qd>
0 0 0 0 0 0 0 0 0 0 0 0 0 0 0 0 0 0 0 0 0 0 0 0 0 0 0 0 0 0 0 0 0 0 0 0 0 0 0 0 
0 0 0 0 0 0 0 0 0 0 0 0 0 0 0 0 0 0 0 0 0 0 0 0 0 0 0 0 0 0 0 0 0 0 0 0 0 0 0 0 
0 0 0 0 0 0 0 0 0 0 0 0 0 0 0 0 0 0 0 0 0 0 0 0 0 0 0 0 0 0 0 0 0 0 0 0 0 0 0 0 
<H0>
-539940.9985184 -1000791 -1262249 -1502840 -14909993 -1567942 -2616843 -769811 -4039 -12059 -230014.999110029 0 -285830.098086332 0 -241826 0 -1675700 -1293130 -1275900 -1289000 -1001301 -996101 -982301 
<A0>
0 0 0 0 0 0 0 0 0 0 0 0 0 0 0 0 0 0 0 0 0 0 0 
<U0>
0 0 0 0 0 0 0 0 0 0 0 0 0 0 0 0 0 0 0 0 0 0 0 
<S0>
-342.799977757872 -34.8097114562988 20.5921516418457 104.325386047363 78.9128112792969 -411.188110351562 -524.021057128906 -180.381790161133 57.6883163452148 109.298728942871 -10.8999935898519 0 69.949401641441 130.679992675781 188.835006713867 205.151992797852 50.9199981689453 68.4400024414062 117.724510192871 77.6493453979492 35.1781692504883 38.7964630126953 69.9574432373047 
<Cp0>
-133.194180860683 16.2019996643066 91.5530014038086 166.904006958008 662.731994628906 -118.297996520996 -102.096000671387 -59.148998260498 173.022994995117 229.162002563477 -136.387340459613 0 75.3605258482016 28.8373256652201 33.5905479988852 29.3825885202285 79.0962338387918 91.7192011785173 130 91.6999969482422 53.3320007324219 54.2019996643066 77.0019989013672 
<VPh>
0 0 0 0 0 0 0 0 0 0 
<GPh>
0 -0.000290156809976126 0 0 0 0 -0.00100694367093643 0 0 0 
<HPh>
0 0 0 0 0 0 0 0 0 0 
<SPh>
0 9.73190709294404e-07 0 0 0 0 3.37730562111834e-06 0 0 0 
<CPh>
0 0 0 0 0 0 0 0 0 0 
<APh>
0 -0.000290156809976126 0 0 0 0 -0.00100694367093643 0 0 0 
<UPh>
0 0 0 0 0 0 0 0 0 0 