

Next record
10TH      G  00001       0    0       1       25      0   

<Short_PARAM>
2 2 -4 1 130 1 0 30000 1 9999 
<Double_PARAM>
1000 1e-13 1e-20 5e-05 0.01 0.01 1e-05 1e-05 1e-05 1e-05 1e-05 1e-05 1e-06 1e-17 0.7 -0.0065 1 1000 0.001 12.05 1e-13 1e-13 1e-33 1e-20 1e-05 1e-10 0.001 1e-10 
<Short_Const>
6 6 27 15 11 3 0 0 14 2 0 3 1 0 1049 1 2 1 1 0 3 0 0 2 1 2 0 2 0 2 1049 0 0 0 0 0 1 0 0 
<Double_Const>
25 25 298.15 298.15 1 1 0 11751.81747054 -227780306.857992 0 0 0 0 0 0 0 0 0 0 0 
0 0 0 0 2031.74153411372 1000 21 -91916.178162208 13.4528082112436 6.31254254179608 14.0552994222468 0.82982985675079 1e-13 1e-20 55.50837344 0 4.999995e-05 5e-05 0 2478.9711565 
38.9215133653371 90.0495023141139 4.01653388216503 0 1.66e-24 3.79146622334425 -16.2590190993493 50.123480532 18671.9228272316 0 0 0.0472467184715116 1 
<Add_Double_Const>
1e-13 1e-13 1e-33 1e-20 1e-05 1e-05 1e-05 1e-05 1e-05 1e-05 1e-06 1 
<EpsW>
78.3843687420308 0 0 0 0 
<EpsWg>
55.4923431227678 -0.254752212059694 0.0011676031239363 0.00350127717560389 0 
<DenW>
0.997061364306806 -0.000258664181926326 -9.46964566455451e-06 4.50858902635513e-05 0 
<DenWg>
0.000767104546309221 -5.7538607398895e-07 -3.70696811777887e-09 3.76596297459089e-08 0 
Error Code 
Error Message
<L1>
12 3 1 1 1 1 1 1 1 1 1 1 1 1 
<muk>
0 1 136 137 138 142 143 144 154 190 191 192 193 194 
<mui>
8 9 10 15 19 27 
<muj>
76 81 84 85 86 95 96 132 160 227 228 229 231 232 233 399 400 401 405 406 407 417 453 454 455 456 457 
<DUL>
1000000 1000000 1000000 1000000 1000000 1000000 1000000 1000000 1000000 1000000 1000000 1000000 1000000 1000000 1000000 1000000 1000000 1000000 1000000 1000000 1000000 1000000 1000000 1000000 1000000 1000000 1000000 
<DLL>
0 0 0 0 0 0 0 0 0 0 0 0 0 0 0 0 0 0 0 0 0 0 0 0 0 0 0 
<Vol>
0 0 0 0 0 0 0 0 0 0 0 18.0683761449551 24789.711565 0 24789.711565 0 0 0 146.900672912598 166.676330566406 198.383483886719 65.2656173706055 24.7117280960083 24.7117280960083 147.061195373535 132.825164794922 53.6367750167847 
<Pparc>
1 1 1 1 1 1 1 1 1 1 1 1 1 1 1 1 1 1 1 1 1 1 1 1 1 1 1 
<MM>
2.01588010787964 97.0705392360687 39.0983009338379 159.465900421143 24.3050003051758 140.944361686707 41.3123404979706 31.99880027771 96.0625991821289 17.0073401927948 1.00794005393982 18.0152802467346 2.01588010787964 18.0152802467346 31.99880027771 136.168840169907 310.428041219711 991.272242069244 414.994400024414 366.687921524048 402.718482017517 174.259201049805 58.3196806907654 58.3196806907654 246.474561214447 228.459280967712 138.382879734039 
<Awt>
1.00794005393982 39.0983009338379 24.3050003051758 15.999400138855 32.064998626709 0 
<A>
2 0 0 0 0 0 1 0 0 4 1 -1 0 1 0 0 0 1 0 1 1 4 1 1 0 0 1 0 0 2 4 0 3 4 0 2 1 0 1 1 
0 1 0 0 0 2 0 0 0 0 0 4 1 -2 1 0 0 1 0 -1 1 0 0 0 0 1 2 0 0 1 0 0 2 0 0 0 0 0 2 0 
0 1 0 0 0 0 0 2 0 0 1 1 0 4 1 0 1 3 0 8 2 0 6 8 0 28 7 0 0 2 2 12 3 0 8 2 1 12 2 0 
12 2 1 14 2 0 0 2 0 4 1 0 2 0 1 2 0 0 2 0 1 2 0 0 14 0 1 11 1 0 12 0 1 10 1 0 2 0 1 5 
1 0 
<XFs>
101.837957231205 0 0 0 0 0 0 24.2469597542295 0 0 0 36.1385124597858 0 0 
<Falps>
4.46797452246196e-07 -1.32608967868536 -6.5868813248121 -6.95063201817613 -39.5738582406406 -5.40843566247472 -0.253530117526905 -7.81593426434667e-09 -0.728024535378141 -5.34898596276932 -5.34898596276932 -1.0599665308509e-07 -0.195056758405072 -1.45262771402429 
<G>
11.1685640481897 -300.67239858868 -109.945888899256 -587.918221773392 -179.678677861619 -839.210052847143 -248.410522419299 10.7100365300245 -296.109788019233 -59.4054218751246 4.01653388216503 -95.6606688673104 0 -92.208367851274 0 -417.228859783024 -950.208744647207 -3037.06956291776 -1496.02701017437 -1403.67770252094 -1595.81775443832 -532.141113344051 -335.597275435657 -335.597275435657 -1157.77844105469 -1061.55116788117 -579.764810577053 
<G0>
11.1685640481897 -300.67239858868 -109.945888899256 -587.918221773392 -179.678677861619 -839.210052847143 -248.410522419299 10.7100365300245 -296.109788019233 -59.4054218751246 4.01653388216503 -95.6606688673104 0 -92.208367851274 0 -417.228859783024 -950.208744647207 -3037.06956291776 -1496.02701017437 -1403.67770252094 -1595.81775443832 -532.141113344051 -335.597275435657 -335.597275435657 -1157.77844105469 -1061.55116788117 -579.764810577053 
<lnGam>
0 0.883858258973123 -1.66634384154225 -1.69744789661404 -2.86178420153087 -5.98837162214078 -1.69744789661404 1.58550530329687 -3.01663465608644 -1.60627526111001 0.4961484952158 0.00555287476082326 0 0 0 0 0 0 0 0 0 0 0 0 0 0 0 
<lnGmo>
0 0.883858258973123 -1.66634384154225 -1.69744789661404 -2.86178420153087 -5.98837162214078 -1.69744789661404 1.58550530329687 -3.01663465608644 -1.60627526111001 0.4961484952158 0.00555287476082326 0 0 0 0 0 0 0 0 0 0 0 0 0 0 0 
<B>
977.001707125439 49.6624835786157 65.4033801500672 849.43934132022 90.2346219393751 0 
<U>
-46.8986904768429 -148.320427704509 -250.154874490511 -1.98075767877558 -229.253565665908 32.3635229945435 
<Uc>
-46.8986904768429 -46.0343129215638 -148.320427704509 -147.456067931305 -250.154874490511 -248.426149576795 -1.98075767877558 -3.70951357721719 -229.253565665908 -224.067261919617 32.3635229945435 31.4991619197739 
<Uefd>
-2944.77341683388 -2820.62318915668 -5641.24637831316 5889.54683366774 -17916.9409563577 2820.62318915659 
<U_r>
-116260.500969715 -367682.062199222 -620126.718519855 -4910.24115370054 -568312.976810565 80228.2400261978 
<C>
1.32767858150212e-07 7.35121285481584e-09 1.73458301176149e-08 2.92592748435448e-08 1.34288977453439e-08 -2.57557217216245e-10 
<XF>
101.837957231205 0 0 0 0 0 0 24.2469597542295 0 0 0 36.1385124597858 0 0 
<YF>
101.837965916219 0 0 0 0 0 0 24.2469597488156 0 0 0 36.1385123952294 0 0 
<Falp>
4.45908143234519e-07 -1.32608967868536 -6.5868813248121 -6.95063201817613 -39.5738582406406 -5.40843566247472 -0.253530117526905 -7.81593426434667e-09 -0.728024535378141 -5.34898596276932 -5.34898596276932 -1.0599665308509e-07 -0.195056758405072 -1.45262771402429 
<X>
0 5.04188246648657e-06 1.16846019066542 0.000103872081185989 5.01779870619283 1.97309914443441e-14 5.36348298162906e-06 4.92949168821076e-08 5.60208106526683 1.47253746445554e-07 4.80970512561954e-07 90.0495023141139 0 0 0 0 0 0 0 0 24.2469597542295 0 0 0 36.1385124597858 0 0 
<Y>
0 5.04188246648657e-06 1.16846019066542 0.000103872081185989 5.01779870619283 1.97309914443441e-14 5.36348298162906e-06 4.92949168821076e-08 5.60208106526683 1.47253746445554e-07 4.80970512561954e-07 90.0495023141139 0 0 0 0 0 0 0 0 24.2469597542295 0 0 0 36.1385124597858 0 0 
<XY>
0 4.95055056965567e-06 1.16846018769357 0.000103872081185975 5.01779867934331 1.87938061894151e-14 5.44181810467434e-06 1.76458320981233e-07 5.60208112481978 1.4556827067659e-07 4.85780583386367e-07 90.0495025264091 0 5.9843768936345e-09 1.70483712156478e-07 0 0 0 0 0 24.2469597488156 0 0 0 36.1385123952294 0 0 
<XU>
0 0 0 0 0 0 0 0 0 0 0 0 0 0 0 0 0 0 0 0 0 0 0 0 0 0 0 
<MU>
0 -7.65004097510606e-10 -2.90280866254512e-11 1.69967921728569e-19 1.22042868562799e-10 4.68347720245613e-26 8.64609269663115e-10 6.929966068894e-12 1.00260539170793e-09 6.52131972566308e-13 -6.95781751720062e-12 -3.39452874972625e-08 0 0 0 0 0 0 0 0 0 0 0 0 1.03587249174823e-08 0 0 
<EMU>
2.29319772550626e-46 5.19339960712515e-08 0.0114737436748848 1.01997946691896e-06 0.0492725064204239 1.9374911973142e-16 5.66795999875999e-08 7.69523342559133e-08 0.055009893347464 1.44624376749783e-09 4.72275846271872e-09 0.884243671584798 1.83787139959336e-41 0.028162308480205 0.0190342488903979 2.58892026612676e-07 1.12038679573249e-07 2.66772930391235e-40 3.90449020366867e-06 0.557788919159972 0.999999982003146 0.187057645954521 4.47727775362988e-06 4.47727775362988e-06 0.999999755933716 0.638180076311207 0.0352673059951896 
<NMU>
-105.088967047517 -16.7732922309387 -4.46769401269948 -13.7957280613423 -3.01038903259323 -36.1799675489914 -16.6858514795306 -16.3800796424119 -2.90024223088116 -20.3542961468524 -19.1708727879883 -0.123022607738897 -93.7973807588473 -3.56977077377224 -3.96151534932218 -15.1668547478332 -16.0044216719395 -91.1221760571586 -12.4533833328317 -0.58377466924248 -1.7996853724906e-08 -1.67633844249562 -12.316495340507 -12.316495340507 -2.44066313300989e-07 -0.44913478419126 -3.34479891998234 
<W>
0 6.16192263054033e-12 0.330743199759302 2.61373015789486e-09 6.09943423054254 9.4310684927422e-29 6.96421815601114e-12 5.88327613703543e-16 7.60259507761228 5.25276501515182e-15 5.60435340907023e-14 1964.38096375997 0 0 0 0 0 0 0 0 142.422191986017 0 0 0 316.376069325131 0 0 
<F>
0 -316.504911160955 -115.956905692529 -603.288379703566 -185.427829940321 -881.304033316831 -266.729727287511 -7.75499862574283 -301.903643779916 -81.2546774149288 -14.5251852561513 -95.7781393762538 0 -95.5923556904677 -0.0345002991581111 0 0 0 0 0 -1595.81775443832 0 0 0 -1157.77844105469 0 0 
<F0>
0 0.883858258973123 -1.66634384154225 -1.69744789661404 -2.86178420153087 -5.98837162214078 -1.69744789661404 1.58550530329687 -3.01663465608644 -1.60627526111001 0.4961484952158 0.00555287476082326 0 0 0 0 0 0 0 0 0 0 0 0 0 0 0 
<YOF>
0 0 0 0 0 0 0 0 0 0 0 0 0 0 
<lnGmM>
0 0 0 0 0 0 0 0 0 0 0 0 0 0 0 0 0 0 0 0 0 0 0 0 0 0 0 
<fDQF>
0 0 0 0 0 0 0 0 0 0 0 0 0 0 0 0 0 0 0 0 0 0 0 0 0 0 0 
<FVOL>
1627.04827947741 0 0 0 0 0 0 4810.1963497051 0 0 0 5314.57284135749 0 0 
<FWGT>
2328.07717509324 0 0 0 0 0 0 9764.69882576312 0 0 0 8907.22400146852 0 0 
<Y_la>
-43.8417716333131 -5.10290642305756 -0.866192017844224 -4.93081399702622 -0.752465419354186 -16.5156902629961 -6.18597864956152 -4.62741503852823 -0.771879994347174 -7.7395681547633 -6.31254254179608 -0.0510164706894578 -40.7356848804403 -1.55033174870478 -1.72046425618121 -6.58688132479506 -6.95063201815816 -39.5738582405383 -5.40843566246074 -0.25353011752625 -7.81593427419261e-09 -0.728024535376259 -5.34898596275548 -5.34898596275548 -1.05996653092601e-07 -0.195056758404568 -1.45262771402053 
<Y_w>
0 0.210224237848614 19623.4079576922 7.11490801600182 52385.5482069416 1.19453599920182e-09 0.0951764132059995 0.000677545494149566 231156.627330006 0.0010757351978088 0.000208235985285042 696.826994235175 0 0 0 0 0 0 0 0 46498.5658369672 0 0 0 42415.3523879453 0 0 
<Fx>
-93.7973809536859 -316.438809852397 -115.956904709966 -603.288375581488 -185.427828501424 -881.255370104921 -266.670799651586 -3.96151535755115 -301.903642370097 -81.242971150162 -14.5351674822994 -95.7781386324614 -93.7973809536859 -95.7781386324614 -3.96151535755115 -432.395714562363 -966.213166352391 -3128.1917391642 -1508.48039353307 -1404.2614771914 -1595.81775445632 -533.817451790029 -347.913770801748 -347.913770801748 -1157.77844129875 -1062.00030266629 -583.109609503983 
<Wx>
0 4.95088727579234e-08 0.0114737198431096 1.01997412369698e-06 0.0492723817584127 1.9374889266041e-16 5.26668358974664e-08 4.84052491058834e-10 0.0550097548848934 1.44596131392581e-09 4.72290023915147e-09 0.884243014710838 0 0 0 0 0 0 0 0 1 0 0 0 1 0 0 
<VL>
-54.7552246294886 -16.8211139357999 -4.46769608977219 -13.7957332999144 -3.01039156264858 -36.1799687209768 -16.7592798793497 -21.4488277624916 -2.90024474793285 -20.3544914674226 -19.1708427686033 -0.123023350604495 0 0 0 0 0 0 0 0 0 0 0 0 0 0 0 
<Gamma>
1 2.42021954946544 0.188936586470542 0.183150346729518 0.0571666723555156 0.00250774428248673 0.183150346729518 4.88175752355581 0.0489657279055339 0.200633531556459 1.64238342579288 1.00556832054615 1 1 1 1 1 1 1 1 1 1 1 1 1 1 1 
<lnGmf>
0 0 0 0 0 0 0 0 0 0 0 0 0 0 0 0 0 0 0 0 0 0 0 0 0 0 0 
<BF>
180.099015661818 1.16856406274661 5.01790794175705 112.458267840362 5.60218997923048 -8.40800713728586e-11 0 0 0 0 0 0 
<BFC>
796.902691487755 48.4939195084589 60.3854722140152 736.981073616856 84.6324319682447 0 
<XFA>
90.0495023141139 0 
<YFA>
90.0495025264091 0 
<PUL>
1000000 1000000 
<PLL>
0 0 
<Y_m>
0 3.10792391357032e-06 0.720263788924575 6.4028966802793e-05 3.09307816993326 1.21626040582935e-14 3.30616533198331e-06 3.03864384014735e-08 3.45324228088065 9.07703507535096e-08 2.96480484749406e-07 55.50837344 0 0 0 0 0 0 0 0 14.9463434708243 0 0 0 22.2765503479009 0 0 
<IC_m>
6.80134012970696e-06 0.720327817891377 3.09314550506543 13.8132411287941 3.45330941777137 -5.18290276795225e-11 
<IC_lm>
-5.1674054951357 -0.142469812855025 0.490400349167741 1.14029559070362 0.538235491915907 0 
<IC_wm>
4.77698815274573e-06 19.6251524109828 52.3866886203481 154.001254815735 77.1599051407709 -0 
<Aalp>
0 0 0 0 0 0 0 0 0 0 0 0 0 0 
<Xr0h0>
0 0 0 0 0 0 0 0 0 0 0 0 0 0 0 0 0 0 0 0 0 0 0 0 0 0 0 0 
<Sigw>
0 0 0 0 0 0 0 0 0 0 0 0 0 0 
<Sigg>
0 0 0 0 0 0 0 0 0 0 0 0 0 0 
<EZ>
0 -1 1 1 2 2 1 0 -2 -1 1 0 0 0 0 0 0 0 0 0 0 0 0 0 0 0 0 
<Xcond>
0 0 0 0 0 0 0 0 0 0 0 0 0 0 
<Xeps>
0 0 0 0 0 0 0 0 0 0 0 0 0 0 
<Fug>
0 0.028162308271375 0.0190342487337656 
<Fug_l>
-40.7356847866429 -1.55033174513501 -1.72046425221969 
<Ppg_l>
-40.7356847866429 -1.55033174513501 -1.72046425221969 
<sMod>
'ZNNSNNNN' 'INNINNNN' 
<LsMod>
40 4 6 0 0 0 
<IPxPH>
10 1 -1 -10 10 1 -1 -11 10 8 -1 -10 10 8 -1 -20 2 1 -1 -10 2 1 -1 -11 2 1 -1 -20 2 9 -1 -10 2 9 -1 -11 2 9 -1 -20 
2 8 -1 -10 2 8 -1 -11 2 8 -1 -20 4 1 -1 -10 4 1 -1 -11 4 1 -1 -20 4 8 -1 -10 4 8 -1 -11 4 8 -1 -12 4 8 -1 -20 
7 10 -1 -30 7 1 -1 -31 7 2 -1 -30 7 4 -1 -30 7 9 -1 -31 7 8 -1 -31 2 10 1 -50 2 10 8 -50 2 4 8 -50 2 8 9 -51 
4 10 1 -50 2 10 -1 -40 2 4 -1 -40 4 10 -1 -40 9 8 -1 -41 8 1 -1 -41 7 10 1 -60 7 2 1 -60 7 2 8 -60 7 4 8 -60 
<PMc>
0.210417345166206 -3779.10693359375 -21.0709896087646 0.0520151108503342 -2.39977271121461e-05 134621.03125 0.441129684448242 0 0 0.00160077796317637 -2.68451776719303e-06 0 0.0910341963171959 18216.37109375 101.572105407715 -0.263425171375275 0.000130352404084988 -648886.5 0.0552348010241985 12441.7001953125 69.3710327148438 -0.170623824000359 7.50016624806449e-05 -443201.09375 -0.000299996405374259 0 0 0 0 0 0.0120271816849709 0 0 0 0 0 0.000537722546141595 7.12557315826416 0 0.000228653254453093 
-1.83667793862696e-07 0 0.137339010834694 147.009414672852 0 0.000787878467235714 0 0 0.334879696369171 -2151.130859375 0 -0.017131183296442 0 0 0.00178866263013333 -22.3159847259521 0 -0.000202214592718519 0 0 0.0499493926763535 -14114.5205078125 -111.056266784668 0.290998905897141 -0.000126103986985981 0 0.779290616512299 25616.791015625 252.606262207031 -0.801713287830353 0.00041861817589961 0 -4.88233808937366e-09 9686.087890625 76.9901275634766 -0.203028038144112 8.86250854819082e-05 0 0.519247114658356 -231093.453125 
-654.03515625 0.610276758670807 0 13434138 1.72897922992706 0 0 0 0 0 -0.0120293479412794 -55992.11328125 -174.811981201172 0.179562330245972 0 2964964.25 0.220879673957825 165423.984375 658.462280273438 -1.15985000133514 0.000382707396056503 -7748191.5 3.34289598464966 55777.546875 340.942749023438 -0.922947883605957 0.00047034933231771 -1819568.25 -37.2495422363281 0 -3193.08959960938 21.9252948760986 -0.0191180221736431 0 0.0250009801238775 2488.00048828125 12.7053709030151 -0.0242641773074865 6.93981655786047e-06 -67851.921875 
0.0259799994528294 4941 16.3999996185303 0 0 0 0.0384199991822243 -45.3800010681152 0 0 0 0 0.135000005364418 -1004 -3.51300001144409 0 0 0 0.229300007224083 2981 9.89999961853027 0 0 0 0.0678500011563301 1230 3.93400001525879 0 0 0 0.133399993181229 -6654 -22.0100002288818 0 0 0 -0.0211690757423639 0 8.91181945800781 -0.052680816501379 
3.8989630411379e-05 0 -0.00584881380200386 -40.4662055969238 0 0 0 0 -0.0480118878185749 5156.296875 35.7903671264648 -0.0795128419995308 2.79662508546608e-05 0 -0.00973099004477262 -42.0903091430664 0 0 0 0 -0.0177997853606939 0 0 0 0 0 0.0153774321079254 -55.875358581543 0 0 0 0 9.63579882551358e-10 -1048.59741210938 0 -0.00792102981358767 0 0 0.101155929267406 0 
0 -0.00313096796162426 5.82850134378532e-06 0 -0.0116260712966323 0 0.145311579108238 -0.0022722939029336 1.95384222934081e-06 0 -0.118509091436863 121059.8125 478.648406982422 -0.833976984024048 0.000270428223302588 -5704023.5 -0.00247199996374547 0 0 0 0 0 0.0741100013256073 0 0 0 0 0 -0.161799997091293 164.699996948242 0 0 0 0 -0.0511500015854836 5181 16.8600006103516 0 0 0 
<LsMdc>
0 0 0 0 0 0 
<DMc>

<MoiSN>

<SitFr>

<LsMdc2>
0 0 0 0 0 0 
<DQFc>

<LsPhl>
0 0 0 0 0 0 0 0 0 0 0 0 0 0 0 0 0 0 0 0 0 0 0 0 0 0 0 0 
<PhLin>

<lPhc>

<lnDQFt>
0 0 0 0 0 0 0 0 0 0 0 0 0 0 0 
<lnRcpt>
0 0 0 0 0 0 0 0 0 0 0 0 0 0 0 
<lnExet>
0 0 0 0 0 0 0 0 0 0 0 0 0 0 0 
<lnCnft>
0 0 0 0 0 0 0 0 0 0 0 0 0 0 0 
<SorMc>
0 0 0 0 0 0 0 0 0 0 0 0 0 0 0 0 
0 0 0 0 0 0 0 0 0 0 0 0 0 0 0 0 
<LsISmo>
0 0 0 0 0 0 0 0 
<xSMd>

<IsoPc>

<IsoSc>

<IsoCt>

<LsESmo>
0 0 0 0 0 0 0 0 
<EImc>

<mCDc>

<lnScalT>
0 0 0 0 0 0 0 0 0 0 0 0 0 0 0 
<lnSACT>
0 0 0 0 0 0 0 0 0 0 0 0 0 0 0 
<lnGammF>
0 0 0 0 0 0 0 0 0 0 0 0 0 0 0 
<CTerms>
0 0 0 0 0 0 0 0 0 0 0 0 0 0 0 
<kMod>
'NNNNNN' 'NNNNNN' 'NNNNNN' 'NNNNNN' 'NNNNNN' 'NNNNNN' 'NNNNNN' 'NNNNNN' 'NNNNNN' 'NNNNNN' 'NNNNNN' 'NNNNNN' 'NNNNNN' 'NNNNNN' 
<LsKin>
0 0 0 0 0 0 0 0 0 0 0 0 0 0 0 0 0 0 0 0 0 0 0 0 0 0 0 0 0 0 0 0 0 0 0 0 0 0 0 0 
0 0 0 0 0 0 0 0 0 0 0 0 0 0 0 0 0 0 0 0 0 0 0 0 0 0 0 0 0 0 0 0 0 0 0 0 0 0 0 0 
0 0 0 0 
<xSKrC>

<ocPRkC>

<feSArC>

<rpConC>

<apConC>

<AscpC>

<LsUpt>
0 0 0 0 
<UMpcC>

<PfFact>
1 1 1 1 1 1 1 1 1 1 1 1 1 1 
<PrT>
0 0 0 0 0 0 0 0 0 0 0 0 0 0 
<PkT>
0 0 0 0 0 0 0 0 0 0 0 0 0 0 
<PvT>
0 0 0 0 0 0 0 0 0 0 0 0 0 0 
<emRd>
0 0 0 0 0 0 0 0 0 0 0 0 0 0 0 
<emDf>
0 0 0 0 0 0 0 0 0 0 0 0 0 0 0 
<Wb>
0 0 0 0 0 0 0 0 0 0 0 0 0 0 0 
<Wabs>
0 0 0 0 0 0 0 0 0 0 0 0 0 0 0 
<Rion>
0 0 0 0 0 0 0 0 0 0 0 0 0 0 0 
<Qp>
0 0 0 0 0 0 0 0 0 0 0 0 0 0 0 0 0 0 0 0 0 0 0 0 0 0 0 0 0 0 0 0 0 0 0 0 0 0 0 0 
0 0 0 0 0 0 0 0 0 0 0 0 0 0 0 0 0 0 0 0 0 0 0 0 0 0 0 0 0 0 0 0 0 0 0 0 0 0 0 0 
0 0 0 0 0 0 0 0 0 0 0 0 0 0 0 0 0 0 0 0 0 0 0 0 0 0 0 0 0 0 0 0 0 0 0 0 0 0 0 0 
0 0 0 0 0 0 0 0 0 0 0 0 0 0 0 0 0 0 0 0 0 0 0 0 0 0 0 0 0 0 0 0 0 0 0 0 0 0 0 0 
0 0 0 0 0 0 0 0 0 0 0 0 0 0 0 0 0 0 0 0 0 0 0 0 0 0 0 0 0 0 0 0 0 0 0 0 0 0 0 0 
0 0 0 0 0 0 0 0 0 0 0 0 0 0 0 0 0 0 0 0 0 0 0 0 0 0 0 0 0 0 0 0 0 0 0 0 0 0 0 0 
0 0 0 0 0 0 0 0 0 0 0 0 0 0 0 0 0 0 0 0 0 0 0 0 0 0 0 0 0 0 0 0 0 0 0 0 0 0 0 0 
0 0 0 0 0 0 0 0 0 0 0 0 0 0 0 0 0 0 0 0 0 0 0 0 0 0 0 0 0 0 0 0 0 0 0 0 0 0 0 0 
0 0 0 0 0 0 0 0 0 0 0 0 0 0 0 0 0 0 0 0 0 0 0 0 0 0 0 0 0 0 0 0 0 0 0 0 0 0 0 0 
<Qd>
0 0 0 0 0 0 0 0 0 0 0 0 0 0 0 0 0 0 0 0 0 0 0 0 0 0 0 0 0 0 0 0 0 0 0 0 0 0 0 0 
0 0 0 0 0 0 0 0 0 0 0 0 0 0 0 0 0 0 0 0 0 0 0 0 0 0 0 0 0 0 0 0 0 0 0 0 0 0 0 0 
0 0 0 0 0 0 0 0 0 0 0 0 0 0 0 0 0 0 0 0 0 0 0 0 0 0 0 0 0 0 0 0 0 0 0 0 0 0 0 0 
<H0>
-4098.43477170328 -886900 -252140 `  -467000 -2275289.68019389 `  -12411 -909340 `  0 -285830.098086347 0 -241826 0 `  `  `  `  `  `  `  `  `  `  `  `  
<A0>
0 0 0 0 0 0 0 0 0 0 0 0 0 0 0 0 0 0 0 0 0 0 0 0 0 0 0 
<U0>
0 0 0 0 0 0 0 0 0 0 0 0 0 0 0 0 0 0 0 0 0 0 0 0 0 0 0 
<S0>
57.4681549072266 131.699996948242 101.199996948242 1.17549435082229e-38 -137 18.6509075164795 1.17549435082229e-38 108 18.5 1.17549435082229e-38 0 69.9494016414095 130.679992675781 188.835006713867 205.151992797852 1.17549435082229e-38 1.17549435082229e-38 1.17549435082229e-38 1.17549435082229e-38 1.17549435082229e-38 1.17549435082229e-38 1.17549435082229e-38 1.17549435082229e-38 1.17549435082229e-38 1.17549435082229e-38 1.17549435082229e-38 1.17549435082229e-38 
<Cp0>
1.17549435082229e-38 1.17549435082229e-38 1.17549435082229e-38 1.17549435082229e-38 1.17549435082229e-38 1.17549435082229e-38 1.17549435082229e-38 249.899993896484 1.17549435082229e-38 1.17549435082229e-38 0 75.3605258478432 28.8360004425049 33.5898361206055 29.3759994506836 1.17549435082229e-38 1.17549435082229e-38 1.17549435082229e-38 1.17549435082229e-38 1.17549435082229e-38 1.17549435082229e-38 1.17549435082229e-38 1.17549435082229e-38 1.17549435082229e-38 1.17549435082229e-38 1.17549435082229e-38 1.17549435082229e-38 
<VPh>
0 0 0 0 0 0 0 0 0 0 
<GPh>
0 -1159.98648822385 -32828.7861166353 0 0 0 -1588.72942814584 0 0 0 
<HPh>
0 0 1149293.23161784 0 0 0 0 0 0 0 
<SPh>
0 3.89061374551015 3964.85667527914 0 0 0 5.32862461226173 0 0 0 
<CPh>
0 0 16995.0994818901 0 0 0 0 0 0 0 
<APh>
0 -1159.98648822385 -32828.7861166353 0 0 0 -1588.72942814584 0 0 0 
<UPh>
0 0 1149293.23161784 0 0 0 0 0 0 0 