

Next record
07PSIna   G  simple      1    0       1       25      0   

<Short_PARAM>
2 2 -4 1 130 1 0 30000 1 9999 
<Double_PARAM>
1000 1e-13 1e-20 1e-05 0.01 0.01 1e-05 1e-05 1e-05 1e-05 1e-05 1e-05 1e-06 1e-17 0.7 -0.0065 1 1000 0.001 12.05 1e-13 1e-13 1e-33 1e-20 1e-05 1e-10 0.001 1e-10 
<Short_Const>
6 6 30 22 16 5 0 0 10 2 0 2 1 0 105 1 2 1 1 0 2 0 0 2 1 2 0 2 0 2 105 0 0 0 0 0 1 0 0 
<Double_Const>
25 25 298.15 298.15 1 1 0 10032.8865815296 -131753522.864406 0 0 0 0 0 0 0 0 0 0 0 
0 0 0 0 1665.83976069208 1000 10.01 -53148.4697035125 0.000454140681034683 9.9595670224117 -6.72801844908087 -0.397224592524899 1e-13 1e-20 55.50837344 0 9.99999e-06 0 0 0 
0 1e-05 0 2478.9711565 38.9215133653371 555.098210012767 4.01653388216503 6.75587901766139e-06 1.66e-24 5.80881569425633 -14.2240830008292 333.226504458865 9.8669445337597 
<Add_Double_Const>
1e-13 1e-13 1e-33 1e-20 1e-05 1e-05 1e-05 1e-05 1e-05 1e-05 1e-06 1 
<EpsW>
78.2451456494471 -0.355010888388417 0.00135076186526265 0.00406162824448407 0 
<EpsWg>
44.1020648929065 -0.203921304503049 0.000864734277252308 0.00370763636207359 0 
<DenW>
0.997061364306278 -0.00025866418191325 -9.46964566451448e-06 4.50858902637571e-05 0 
<DenWg>
0.000767104546309221 -7.87337651516304e-07 -3.78422904491598e-09 4.76763525268721e-08 0 
Error Code 
Error Message
<L1>
17 5 1 1 1 1 1 1 1 1 
<muk>
0 1 47 62 63 64 80 85 238 251 
<mui>
8 9 23 30 39 60 
<muj>
126 128 129 130 135 143 155 371 377 481 483 487 493 682 1133 1134 1135 1136 1137 1138 1139 1145 1191 1206 1207 1208 1224 1229 1382 1395 
<DUL>
1000000 1000000 1000000 1000000 1000000 1000000 1000000 1000000 1000000 1000000 1000000 1000000 1000000 1000000 1000000 1000000 1000000 1000000 1000000 1000000 1000000 1000000 1000000 1000000 1000000 1000000 1000000 1000000 1000000 1000000 
<DLL>
0 0 0 0 0 0 0 0 0 0 0 0 0 0 0 0 0 0 0 0 0 0 0 0 0 0 0 0 0 0 
<Vol>
0 0 -6.05707529990948 -18.4391548951969 0 0 0 0 24.211436702952 -22.0144370793844 0 0 0 0 -4.70764729114605 0 18.0678940764855 24789.711565 24789.711565 24789.711565 24789.711565 24789.711565 5.29999971389771 34.1499996185303 36.9300007820129 37.6300001144409 64.3400001525879 33.0599999427795 28.0200004577637 24.6300005912781 
<Pparc>
1 1 1 1 1 1 1 1 1 1 1 1 1 1 1 1 1 1 1 1 1 1 1 1 1 1 1 1 1 1 
<MM>
16.042799949646 44.0091991424561 60.0081987380981 40.0779991149902 100.086197853088 101.094097852707 57.0848987102509 2.01579999923706 61.0160987377167 24.3050003051758 84.3131990432739 85.3210990428925 41.3118999004364 31.9979991912842 17.0068995952606 1.00789999961853 18.0147995948792 16.042799949646 44.0091991424561 2.01579999923706 18.0147995948792 31.9979991912842 12.0111999511719 100.086197853088 100.086197853088 100.086197853088 184.399396896362 74.0917983055115 84.3131990432739 58.318799495697 
<Awt>
12.0111999511719 40.0779991149902 1.00789999961853 24.3050003051758 15.9989995956421 0 
<A>
1 0 4 0 0 0 1 0 0 0 2 0 1 0 0 0 3 -2 0 1 0 0 0 2 1 1 0 0 3 0 1 1 1 0 3 1 0 1 1 0 
1 1 0 0 2 0 0 0 1 0 1 0 3 -1 0 0 0 1 0 2 1 0 0 1 3 0 1 0 1 1 3 1 0 0 1 1 1 1 0 0 
0 0 2 0 0 0 1 0 1 -1 0 0 1 0 0 1 0 0 2 0 1 0 1 0 4 0 0 0 1 0 0 0 2 0 0 0 2 0 0 0 
0 0 2 0 1 0 0 0 0 0 2 0 1 0 0 0 0 0 1 1 0 0 3 0 1 1 0 0 3 0 1 1 0 0 3 0 2 1 0 1 
6 0 0 1 2 0 2 0 1 0 0 1 3 0 0 0 2 1 2 0 
<XFs>
555.10196060939 0 0 0 0 0 0.0535084406483186 0 0 0 
<Falps>
1.04937933957186e-07 -1.37513448109301 -73.2862209279421 -0.294380212060659 -0.156700058846887 -0.704380211090411 -1.44009574006061e-06 -6.99450249981395 -0.759383281279332 -1.39677965747471 
<G>
-9.85545588618386 -151.678090465514 -208.934714219184 -218.981623720949 -439.370220690588 -458.174646506827 -285.69878200114 11.16606059591 -232.712723386904 -179.810938096967 -399.623888729586 -419.003960819182 -248.53134534444 10.6807041947896 -59.4049385683072 4.01653388216503 -95.6606688673104 -20.3834562042029 -159.087369357216 0 -92.2092213137051 0 0.0125983422268189 -455.10691269594 -455.42393296499 -454.162852808086 -872.387458978489 -362.04428532648 -414.854169482145 -335.751484448544 
<G0>
-9.85545588618386 -151.678090465514 -208.934714219184 -218.981623720949 -439.370220690588 -458.174646506827 -285.69878200114 11.16606059591 -232.712723386904 -179.810938096967 -399.623888729586 -419.003960819182 -248.53134534444 10.6807041947896 -59.4049385683072 4.01653388216503 -95.6606688673104 -20.3834562042029 -159.087369357216 0 -92.2092213137051 0 0.0125983422268189 -455.10691269594 -455.42393296499 -454.162852808086 -872.387458978489 -362.04428532648 -414.854169482145 -335.751484448544 
<lnGam>
0 0 -0.0972636541702012 -0.0972636541702012 0 -0.0243159135425503 -0.0243159135425503 0 -0.0243159135425503 -0.0972636541702012 0 -0.0243159135425503 -0.0243159135425503 0 -0.0243159135425503 -0.0243159135425503 0 0 0 0 0 0 0 0 0 0 0 0 0 0 
<lnGmo>
-6.7562925609721e-06 -6.7562925609721e-06 -0.0972704104627621 -0.0972704104627621 -6.7562925609721e-06 -0.0243226698351113 -0.0243226698351113 -6.7562925609721e-06 -0.0243226698351113 -0.0972704104627621 -6.7562925609721e-06 -0.0243226698351113 -0.0243226698351113 -6.7562925609721e-06 -0.0243226698351113 -0.0243226698351113 0 0 0 0 0 0 0 0 0 0 0 0 0 0 
<B>
0.108460224581106 0.0542301122905531 1110.19830637945 0.0542301122905531 555.424533863467 0 
<U>
-11.7381248052898 -201.710259080433 -7.44094336473994 -162.528223047858 -80.7787888880351 -15.4918350184627 
<Uc>
-11.7381248052898 -12.9876609524172 -201.710259080433 -202.335030901756 -7.44094336473994 -7.75332777136721 -162.528223047858 -163.152993421898 -80.7787888880351 -80.1540200576594 -15.4918350184627 -15.1794488688243 
<Uefd>
-963.726251765064 -481.863125904342 -240.931562944953 -481.863125904971 481.863125889907 240.931562952354 
<U_r>
-29098.4728237105 -500033.914230535 -18445.8839783404 -402902.777052838 -200248.287710442 -38403.8121720256 
<C>
2.21934438918769e-15 8.90049572747145e-16 -5.04992581441618e-09 4.04567987612339e-16 2.18321253780488e-10 -3.71402403699067e-20 
<XF>
555.101960444013 0 0 0 0 0 0.0535085510030448 0 0 0 
<YF>
555.101959460504 0 0 0 0 0 0.0535086301521596 0 0 0 
<Falp>
3.9053634435051e-09 -1.49893358039455 -5.10327421073859 -0.294381238956899 -0.156701085743126 -0.704381237986651 -2.64424202086999e-06 -6.99450295020643 -0.759383458529323 -1.39677925822092 
<X>
1.00116033615497e-11 2.26964154160874e-07 0.000435215314732698 0.000678096064289087 4.12376476691409e-05 6.81188332507071e-07 1.54638721761117e-06 2.70331062045669e-09 0.000941589022269859 0.000685794531339598 2.34834639397543e-05 6.88963910237698e-07 1.15943283190626e-05 0 0.000930273531880542 1.12457900947004e-09 555.098210012767 0 0 0 0 0 0 0 0 0 0.0535085510030448 0 0 0 
<Y>
1.00116033615497e-11 2.26964154160874e-07 0.000435215314732698 0.000678096064289087 4.12376476691409e-05 6.81188332507071e-07 1.54638721761117e-06 2.70331062045669e-09 0.000941589022269859 0.000685794531339598 2.34834639397543e-05 6.88963910237698e-07 1.15943283190626e-05 0 0.000930273531880542 1.12457900947004e-09 555.098210012767 0 0 0 0 0 0 0 0 0 0.0535085510030448 0 0 0 
<XY>
0 2.3617756375458e-07 0.000435202108969896 0.000678035166633524 4.12373038465408e-05 6.94554100458153e-07 1.51511381152629e-06 0 0.000941407230617677 0.000685922475702515 2.34835754569135e-05 7.0332090907133e-07 1.13727663248882e-05 0 0.00093039073824223 1.14698174676105e-09 555.09820904018 0 5.32191843143088e-12 2.87478029306984e-12 1.10710611854345e-06 0 0 0 0 0 0.0535086301521596 0 0 0 
<XU>
0 0 0 0 0 0 0 0 0 0 0 0 0 0 0 0 0 0 0 0 0 0 0 0 0 0 0 0 0 0 
<MU>
-6.96184770297989e-20 2.7380131123771e-22 -3.56564082264613e-18 6.08643718775367e-17 1.93118879267932e-19 1.29024916369893e-21 -6.06110186444293e-21 -1.26896553426562e-15 2.34788195552859e-15 -4.44700460085852e-17 -6.25365820388263e-20 1.21214052914976e-21 -3.71231447298793e-19 0 -2.30804562152359e-15 3.37292233667452e-27 6.31180244218917e-09 0 0 0 0 0 0 0 0 0 4.69191473772502e-16 0 0 0 
<EMU>
1.80356136380587e-14 4.0888064871573e-10 7.8402463942323e-07 1.22199770742654e-06 7.43475163749827e-08 1.22717477205855e-09 2.78584898259234e-09 4.86997157676771e-12 1.69717532829698e-06 1.23594689541023e-06 4.2285927208253e-08 1.24118297757342e-09 2.08875239337348e-08 1.57714242455903e-75 1.67679303320349e-06 2.02595267602863e-12 0.999993249863859 6.73561361271308e-10 6.75148483553489e-07 3.44253787036195e-07 0.0316995023601399 6.86176132775237e-71 7.88362193630862e-06 0.507713558080819 0.69710615012334 0.197523495260398 0.999993911426276 1.01273786916018e-07 0.174026963091649 0.0401070520641448 
<NMU>
-31.6464280562902 -21.6175978149023 -14.0588253892541 -13.6150235732997 -16.4145155691041 -20.5185512428455 -19.6987131688755 -26.0479330152437 -13.2865452604332 -13.6036731647302 -16.97881149636 -20.5072008979396 -17.6841137971855 -172.238267357043 -13.2986274976449 -26.9249810687023 -6.75015892309213e-06 -21.1184420161788 -14.2083331946302 -14.8818866985668 -3.45145429664042 -161.557577440478 -11.7507231231076 -0.677837852479273 -0.360817584088104 -1.62189773837275 -6.08859225952368e-06 -16.1054382260482 -1.74854503147588 -3.21620309818276 
<W>
3.61194254601657e-23 1.85629970730102e-14 6.82561661801471e-08 1.65697516797609e-07 6.12803617022108e-10 1.67212197321044e-13 8.61727702866445e-13 2.6334564030441e-18 3.19489305760534e-07 1.69481222440808e-07 1.98727454083981e-10 1.71051347010836e-13 4.84422984480136e-11 0 3.11856558380353e-07 4.55736170445924e-19 111038.402838591 0 0 0 0 0 0 0 0 0 0.00103176296213245 0 0 0 
<F>
0 -173.255910686986 -223.090820069666 -232.694340958153 -455.785526264125 -478.698097466271 -305.442257179931 0 -246.024313315309 -193.512089876797 -416.602236322921 -439.514868563395 -266.259089503978 0 -72.7282996597998 -22.9130532107424 -95.6606756232579 0 -171.332802983614 -12.8612912206333 -92.2092287173932 0 0 0 0 0 -872.387458978489 0 0 0 
<F0>
0 0 -0.0972636541702012 -0.0972636541702012 0 -0.0243159135425503 -0.0243159135425503 0 -0.0243159135425503 -0.0972636541702012 0 -0.0243159135425503 -0.0243159135425503 0 -0.0243159135425503 -0.0243159135425503 0 0 0 0 0 0 0 0 0 0 0 0 0 0 
<YOF>
0 0 0 0 0 0 0 0 0 0 
<lnGmM>
0 0 0 0 0 0 0 0 0 0 0 0 0 0 0 0 0 0 0 0 0 0 0 0 0 0 0 0 0 0 
<fDQF>
0 0 0 0 0 0 0 0 0 0 0 0 0 0 0 0 0 0 0 0 0 0 0 0 0 0 0 0 0 0 
<FVOL>
10029.4438413499 0 0 0 0 0 3.44274017970066 0 0 0 
<FWGT>
10000.1330556573 0 0 0 0 0 9.8669445337597 0 0 0 
<Y_la>
-11.9995047068954 -7.64403907312739 -4.40354867399117 -4.21080799426401 -5.38436916489433 -7.17728990034888 -6.82123874877045 -9.56810920361246 -4.03646960910403 -4.20587857445498 -5.62943977226141 -7.17236050818858 -5.94630935840196 -73.0577647156832 -4.04171685805412 -9.9595670224117 -2.93157659942445e-06 -9.1716228339965 -6.17060070345473 -6.46312127348025 -1.49894755556833 -70.1635643918756 -5.1032742107254 -0.294381238956138 -0.156701085742721 -0.704381237984829 -2.64424202084767e-06 -6.99450295018834 -0.75938345852736 -1.39677925821731 
<Y_w>
1.60612012870852e-08 0.000998837775764824 2.61161396103316 2.71763718674543 0.41272644480212 0.00688632036787095 0.00882741831462143 5.4492610411532e-07 5.74513243307959 1.66680145161341 0.197993962516123 0.00587823758896032 0.0478977357865195 0 1.58208580473543 1.13344810204764e-07 999.984995519531 0 0 0 0 0 0 0 0 0 98.5708744631339 0 0 0 
<Fx>
-41.5018982642495 -173.29570258136 -223.09082143247 -232.693929117358 -455.784750549828 -478.71752893303 -305.42182635167 -14.8818867294799 -246.023599815672 -193.511893084783 -416.602714517253 -439.535492900456 -266.239790319096 -161.55757777607 -72.7278972343124 -22.9327783832026 -95.660675617515 -41.5018982642495 -173.29570258136 -14.8818867294799 -95.660675617515 -161.55757777607 -11.7381248052898 -455.784750549828 -455.784750549828 -455.784750549828 -872.387465067081 -378.149723585983 -416.602714517253 -338.967687553408 
<Wx>
1.8035611608256e-14 4.08869307504031e-10 7.84027702558608e-07 1.22157029268406e-06 7.42884201600655e-08 1.22714092373625e-09 2.78577149389681e-09 4.86993527872677e-12 1.69624517542093e-06 1.23543885665806e-06 4.23047757225905e-08 1.24114840035264e-09 2.08868444813069e-08 0 1.67586064934168e-06 2.02589630303326e-12 0.999993243707439 0 0 0 0 0 0 0 0 0 1 0 0 0 
<VL>
-31.6464281688343 -21.617625552505 -14.0588214823241 -13.6153734017037 -16.415310749858 -20.5185788255419 -19.6987409843722 -26.0479404687115 -13.2870934700632 -13.6040843014853 -16.9783658560238 -20.507228756606 -17.6841463268181 -54.7552246294886 -13.2991837041453 -26.925008894515 -6.75631538481949e-06 0 0 0 0 0 0 0 0 0 0 0 0 0 
<Gamma>
1.00000675631538 1.00000675631538 0.907322886866662 0.907322886866662 1.00000675631538 0.975983930603687 0.975983930603687 1.00000675631538 0.975983930603687 0.907322886866662 1.00000675631538 0.975983930603687 0.975983930603687 1.00000675631538 0.975983930603687 0.975983930603687 0.999999999954352 1 1 1 1 1 1 1 1 1 1 1 1 1 
<lnGmf>
0 0 0 0 0 0 0 0 0 0 0 0 0 0 0 0 0 0 0 0 0 0 0 0 0 0 0 0 0 0 
<BF>
0.00144312257501996 0.000721561287508346 1110.19830640553 0.000721561287508652 555.103482567745 -3.2408117714111e-19 0 0 0 0 0 0 
<BFC>
0.10701710200609 0.0535085510030448 0 0.0535085510030448 0.321051306018269 0 
<XFA>
555.098210012767 0 
<YFA>
555.09820904018 0 
<PUL>
1000000 1000000 
<PLL>
0 0 
<Y_m>
1.00116203724379e-12 2.26964539799588e-08 4.35216054214557e-05 6.78097216453823e-05 4.12377177367404e-06 6.81189489925933e-08 1.5463898451044e-07 2.70331521369846e-10 9.41590622140031e-05 6.85795696584932e-05 2.34835038409135e-06 6.88965080868179e-08 1.15943480191862e-06 0 9.30275112524369e-05 1.12458092026166e-10 55.50837344 0 0 0 0 0 0 0 0 0 0.00535072150301977 0 0 0 
<IC_m>
0.000144312502705446 7.21562513525593e-05 0.000188638319835731 7.215625135259e-05 0.000527256393697737 -4.74683539874208e-20 
<IC_lm>
-3.84069603360904 -4.14172602864792 -3.72437007266096 -4.14172602864773 -3.27797813833028 0 
<IC_wm>
0.00173334031718796 0.00289183478671925 0.000190125709710171 0.00175373139692172 0.00843544825815202 -0 
<Aalp>
0 0 0 0 0 0 0 0 0 0 
<Xr0h0>
0 0 0 0 0 0 0 0 0 0 0 0 0 0 0 0 0 0 0 0 
<Sigw>
0 0 0 0 0 0 0 0 0 0 
<Sigg>
0 0 0 0 0 0 0 0 0 0 
<EZ>
0 0 -2 2 0 1 1 0 -1 2 0 1 1 0 -1 1 0 0 0 0 0 0 0 0 0 0 0 0 0 0 
<Xcond>
0 0 0 0 0 0 0 0 0 0 
<Xeps>
0 0 0 0 0 0 0 0 0 0 
<Fug>
6.73561331723636e-10 6.7514846362719e-07 3.44253776394251e-07 0.0316995021328716 0 
<Fug_l>
-9.17162281287806 -6.1706006892464 -6.46312125859836 -1.49894755211687 -70.163564230318 
<Ppg_l>
-9.17162281287806 -6.1706006892464 -6.46312125859836 -1.49894755211687 -70.163564230318 
<sMod>
'SNNSNNNN' 'INNINNNN' 
<LsMod>
0 2 2 0 0 0 
<IPxPH>

<PMc>

<LsMdc>
0 0 0 0 0 0 
<DMc>

<MoiSN>

<SitFr>

<LsMdc2>
0 0 0 0 0 0 
<DQFc>

<LsPhl>
0 0 0 0 0 0 0 0 0 0 0 0 0 0 0 0 0 0 0 0 
<PhLin>

<lPhc>

<lnDQFt>
0 0 0 0 0 0 0 0 0 0 0 0 0 0 0 0 0 0 0 0 0 0 
<lnRcpt>
0 0 0 0 0 0 0 0 0 0 0 0 0 0 0 0 0 0 0 0 0 0 
<lnExet>
0 0 0 0 0 0 0 0 0 0 0 0 0 0 0 0 0 0 0 0 0 0 
<lnCnft>
0 0 0 0 0 0 0 0 0 0 0 0 0 0 0 0 0 0 0 0 0 0 
<SorMc>
0 0 0 0 0 0 0 0 0 0 0 0 0 0 0 0 
0 0 0 0 0 0 0 0 0 0 0 0 0 0 0 0 
<LsISmo>
0 0 0 0 0 0 0 0 
<xSMd>

<IsoPc>

<IsoSc>

<IsoCt>

<LsESmo>
0 0 0 0 0 0 0 0 
<EImc>

<mCDc>

<lnScalT>
0 0 0 0 0 0 0 0 0 0 0 0 0 0 0 0 0 0 0 0 0 0 
<lnSACT>
0 0 0 0 0 0 0 0 0 0 0 0 0 0 0 0 0 0 0 0 0 0 
<lnGammF>
0 0 0 0 0 0 0 0 0 0 0 0 0 0 0 0 0 0 0 0 0 0 
<CTerms>
0 0 0 0 0 0 0 0 0 0 0 0 0 0 0 0 0 0 0 0 0 0 
<kMod>
'NNNNNN' 'NNNNNN' 'NNNNNN' 'NNNNNN' 'NNNNNN' 'NNNNNN' 'NNNNNN' 'NNNNNN' 'NNNNNN' 'NNNNNN' 
<LsKin>
0 0 0 0 0 0 0 0 0 0 0 0 0 0 0 0 0 0 0 0 0 0 0 0 0 0 0 0 0 0 0 0 0 0 0 0 0 0 0 0 
0 0 0 0 0 0 0 0 0 0 0 0 0 0 0 0 0 0 0 0 
<xSKrC>

<ocPRkC>

<feSArC>

<rpConC>

<apConC>

<AscpC>

<LsUpt>
0 0 0 0 
<UMpcC>

<PfFact>
1 1 1 1 1 1 1 1 1 1 
<PrT>
0 0 0 0 0 0 0 0 0 0 
<PkT>
0 0 0 0 0 0 0 0 0 0 
<PvT>
0 0 0 0 0 0 0 0 0 0 
<emRd>
0 0 0 0 0 0 0 0 0 0 0 0 0 0 0 0 0 0 0 0 0 0 
<emDf>
0 0 0 0 0 0 0 0 0 0 0 0 0 0 0 0 0 0 0 0 0 0 
<Wb>
0 0 0 0 0 0 0 0 0 0 0 0 0 0 0 0 0 0 0 0 0 0 
<Wabs>
0 0 0 0 0 0 0 0 0 0 0 0 0 0 0 0 0 0 0 0 0 0 
<Rion>
0 0 0 0 0 0 0 0 0 0 0 0 0 0 0 0 0 0 0 0 0 0 
<Qp>
0 0 0 0 0 0 0 0 0 0 0 0 0 0 0 0 0 0 0 0 0 0 0 0 0 0 0 0 0 0 0 0 0 0 0 0 0 0 0 0 
0 0 0 0 0 0 0 0 0 0 0 0 0 0 0 0 0 0 0 0 0 0 0 0 0 0 0 0 0 0 0 0 0 0 0 0 0 0 0 0 
0 0 0 0 0 0 0 0 0 0 0 0 0 0 0 0 0 0 0 0 0 0 0 0 0 0 0 0 0 0 0 0 0 0 0 0 0 0 0 0 
0 0 0 0 0 0 0 0 0 0 0 0 0 0 0 0 0 0 0 0 0 0 0 0 0 0 0 0 0 0 0 0 0 0 0 0 0 0 0 0 
0 0 0 0 0 0 0 0 0 0 0 0 0 0 0 0 0 0 0 0 0 0 0 0 0 0 0 0 0 0 0 0 0 0 0 0 0 0 0 0 
0 0 0 0 0 0 0 0 0 0 0 0 0 0 0 0 0 0 0 0 0 0 0 0 0 0 0 0 0 0 0 0 0 0 0 0 0 0 0 0 
0 0 0 0 0 0 0 0 0 0 0 0 0 0 0 0 0 0 0 0 0 0 0 0 0 0 0 0 0 0 0 0 0 0 0 0 0 0 0 0 
0 0 0 0 0 0 0 0 0 0 0 0 0 0 0 0 0 0 0 0 0 0 0 0 0 0 0 0 0 0 0 0 0 0 0 0 0 0 0 0 
0 0 0 0 0 0 0 0 0 0 0 0 0 0 0 0 0 0 0 0 0 0 0 0 0 0 0 0 0 0 0 0 0 0 0 0 0 0 0 0 
<Qd>
0 0 0 0 0 0 0 0 0 0 0 0 0 0 0 0 0 0 0 0 0 0 0 0 0 0 0 0 0 0 0 0 0 0 0 0 0 0 0 0 
0 0 0 0 0 0 0 0 0 0 0 0 0 0 0 0 0 0 0 0 0 0 0 0 0 0 0 0 0 0 0 0 0 0 0 0 0 0 0 0 
0 0 0 0 0 0 0 0 0 0 0 0 0 0 0 0 0 0 0 0 0 0 0 0 0 0 0 0 0 0 0 0 0 0 0 0 0 0 0 0 
<H0>
-88322 -413209 -675229.998250507 -542999.99936169 -1204330 -1224230 -774930 -4039 -689929.99934328 -466999.999206856 -1131230 -1153680 -682030 -12059 -230014.999110029 0 -285830.098086332 -74600 -393510 0 -241826 0 285 -1207330 -1207500 -1202830 -2325421 -985160 -1112203 -923350 
<A0>
0 0 0 0 0 0 0 0 0 0 0 0 0 0 0 0 0 0 0 0 0 0 0 0 0 0 0 0 0 0 
<U0>
0 0 0 0 0 0 0 0 0 0 0 0 0 0 0 0 0 0 0 0 0 0 0 0 0 0 0 0 0 0 
<S0>
86.2029647827148 119.506454467773 -49.9999881488755 -56.1999964393919 2.25874805450439 91.8649520874023 -46.1194915771484 57.6883163452148 98.4000059746893 -135.899988524283 -91.9541168212891 -6.11443901062012 -52.4805793762207 109.298728942871 -10.8999935898519 0 69.949401641441 186.371002197266 213.785003662109 130.679992675781 188.835006713867 205.151992797852 6.58874893188477 89.6440734863281 91.7099990844727 96.8877487182617 155.169998168945 83.4000015258789 65.0999984741211 63.1800003051758 
<Cp0>
272.752014160156 190.707000732422 -289.321970259243 -30.9377620198967 124.752998352051 -77.0690002441406 -402.917999267578 173.022994995117 -45.0449206245417 -21.6544671818126 -223.091995239258 107.786003112793 53.0369987487793 229.162002563477 -136.387340459613 0 75.3605258482016 35.6483488393139 37.0747465986246 28.8373256652201 33.5905479988852 29.3825885202285 1.17549435082229e-38 43.7529983520508 83.4720684808875 -1.24699997901917 157.510938244045 87.4875620641478 76.1075733223843 76.8834991093719 
<VPh>
0 0 5.45038118121542e-08 0 0 0 0 0 0 0 
<GPh>
0 -0.244104703989072 -0.000986420543845227 0 0 0 -4.74259198282993 0 0 0 
<HPh>
0 0 0.000483798033146475 0 0 0 0 0 0 0 
<SPh>
0 0.000818731188962172 4.93113726980279e-06 0 0 0 0.0159067314533957 0 0 0 
<CPh>
0 0 9.06315724648407e-06 0 0 0 0 0 0 0 
<APh>
0 -0.244104703989072 -0.000986475047657039 0 0 0 -4.74259198282993 0 0 0 
<UPh>
0 0 0.000483743529334663 0 0 0 0 0 0 0 