
Solvus    G  series2     0002 0       1000    640     0   

<Short_PARAM>
2 2 -5 1 130 1 0 13000 1 7000 
<Double_PARAM>
1000 1e-13 1e-20 4e-05 0.01 0.01 1e-05 1e-05 1e-05 1e-05 1e-05 1e-05 1e-06 1e-17 1 0 1 1000 0.001 12.05 1e-13 1e-13 1e-33 1e-20 1e-05 1e-10 0.001 1e-10 
<Short_Const>
9 9 60 42 35 0 0 0 21 3 0 5 3 0 422 1 2 1 1 0 0 0 0 2 1 2 0 2 0 1 422 0 0 0 0 0 1 0 0 
<Double_Const>
640 640 913.15 913.15 1000 1000 0 63.9579782093424 -1440721.94500121 0 0 0 0 0 0 0 0 0 0 0 
0 0 0 0 0 0 0.095789528986145 -189.758565211569 0.0187934559475823 6.41913857102013 -2.92170584532526 -0.528314771673678 1e-13 1e-20 55.50837344 0 3.99999589717481e-05 4e-05 6.90775527898214 7592.3948065 
12.7081522311507 0.555028205052975 4.01653388216503 0.0189316044983591 1.66e-24 -0.58873634661172 -1.9391716026059 0 85.1625073359079 0 0 1 1 
<Add_Double_Const>
1e-13 1e-13 1e-33 1e-20 1e-05 1e-05 1e-05 1e-05 1e-05 1e-05 1e-06 1 
<EpsW>
4.30454160174552 -0.0179180065190887 0.000166863069781282 0.0051684917135623 0 
<EpsWg>
4.30454159430483 -0.0179180064825964 0.000166863069625497 0.00516849171388675 0 
<DenW>
0.33033130926254 -0.000958522022514117 6.08838320760962e-06 0.00033370701221596 0 
<DenWg>
0.330331308782127 -0.000958522021587606 6.08838321290618e-06 0.000333707012578278 0 
Error Code 
Error Message
<L1>
36 3 3 1 1 1 1 1 1 1 1 1 1 1 1 1 1 1 1 1 1 
<muk>
0 1 2 3 4 5 7 9 10 11 12 13 14 15 17 18 19 20 21 22 23 
<mui>
0 1 2 3 4 5 6 7 8 
<muj>
0 1 2 3 4 5 6 7 8 9 10 11 12 13 14 15 16 17 18 19 20 21 22 23 24 25 26 27 28 29 30 31 32 33 34 35 36 37 38 39 
40 41 42 43 44 46 48 49 50 51 52 53 54 56 57 58 59 60 61 62 
<DUL>
1000000 1000000 1000000 1000000 1000000 1000000 1000000 1000000 1000000 1000000 1000000 1000000 1000000 1000000 1000000 1000000 1000000 1000000 1000000 1000000 1000000 1000000 1000000 1000000 1000000 1000000 1000000 1000000 1000000 1000000 1000000 1000000 1000000 1000000 1000000 1000000 1000000 1000000 1000000 1000000 
1000000 1000000 1000000 1000000 1000000 1000000 1000000 1000000 1000000 1000000 1000000 1000000 1000000 1000000 1000000 1000000 1000000 1000000 1000000 1000000 
<DLL>
0 0 0 0 0 0 0 0 0 0 0 0 0 0 0 0 0 0 0 0 0 0 0 0 0 0 0 0 0 0 0 0 0 0 0 0 0 0 0 0 
0 0 0 0 0 0 0 0 0 0 0 0 0 0 0 0 0 0 0 0 
<Vol>
123.20267468829 29.0177512478226 -775.973375353141 1911.9731917493 855.903377783327 385.39111943789 88.532898926984 78.6250720395322 159.555833250182 63.8284428533697 -16.8214436827272 91.156514520132 84.0049234254063 52.4438539004516 0.914673406761853 54.2898338192457 70.4126321349505 59.6907934165474 41.6044391764185 -758.444619681627 -139.981802108178 -807.19507099303 232.297817059861 -842.701190253664 442.914673204652 -785.802978179132 -741.868105807804 -802.318649232895 51.1054819512311 270.719787685764 491.468956298117 245.21325118184 -764.890243646632 -605.194706621483 0 54.5370670159948 102.280331646635 101.653042890573 110.089153118847 102.280331646635 
101.653042890573 110.089153118847 98.8624303354617 52.2408204380624 20.7494295763199 26.127415725379 29.4729834324789 61.3493674441277 61.5238891352408 100.971466529463 44.7438228586507 92.232206063216 56.1455203073848 23.6657454303596 50.3131762492537 14.1297564838643 40.5586498296925 54.1125450362528 27.0084729928857 40.5278016781369 
<Pparc>
1000 1000 1000 1000 1000 1000 1000 1000 1000 1000 1000 1000 1000 1000 1000 1000 1000 1000 1000 1000 1000 1000 1000 1000 1000 1000 1000 1000 1000 1000 1000 1000 1000 1000 1000 1000 1000 1000 1000 1000 
1000 1000 1000 1000 1000 1000 1000 1000 1000 1000 1000 1000 1000 1000 1000 1000 1000 1000 1000 1000 
<MM>
60.996200799942 78.0035508871078 95.0109009742737 26.9815006256104 43.9888507127762 40.0779991149902 75.5309982299805 110.983997344971 117.169650197029 57.0853492021561 39.0983009338379 98.0786018371582 74.5513000488281 56.1056510210037 22.9897994995117 118.000700473785 58.442798614502 100.081450581551 39.9971495866776 77.0916510820389 60.084300994873 51.4523992538452 52.4603492021561 67.4517993927002 68.459749341011 83.4511995315552 99.4505996704102 35.4529991149902 36.4609490633011 2.0158998966217 31.99880027771 34.0147001743317 33.0067502260208 17.0073500871658 1.00794994831085 18.0153000354767 262.223003387451 278.207202911377 278.331504821777 262.223003387451 
278.207202911377 278.331504821777 220.154002428055 162.045502662659 60.084300994873 60.084300994873 58.442798614502 202.138702392578 158.162902832031 258.160403728485 162.045502662659 218.247203826904 142.054401397705 60.084300994873 162.045502662659 60.084300994873 74.5513000488281 180.060802698135 60.084300994873 116.161700248718 
<Awt>
26.9815006256104 40.0779991149902 35.4529991149902 1.00794994831085 39.0983009338379 22.9897994995117 15.999400138855 28.0855007171631 0 
<A>
1 0 0 2 0 0 2 0 1 1 0 0 3 0 0 3 0 0 1 0 0 4 0 0 4 0 -1 1 0 0 0 0 0 0 0 3 1 0 0 1 
0 0 1 0 2 0 1 0 0 0 0 0 0 2 0 1 1 0 0 0 0 0 1 0 1 2 0 0 0 0 0 0 0 1 0 1 0 0 3 1 
1 0 1 0 1 0 0 1 0 1 0 0 0 0 1 0 0 0 1 1 0 0 0 1 0 2 0 0 0 0 1 0 1 0 0 0 0 0 0 0 
1 1 0 1 0 0 0 0 0 0 0 1 0 0 1 1 0 0 4 0 1 4 0 0 0 0 1 0 0 1 0 0 0 0 0 0 1 0 1 3 
1 0 0 0 0 1 0 1 1 0 0 0 0 0 1 0 0 3 1 -1 0 0 0 0 0 0 2 1 0 0 0 1 0 0 0 1 0 -1 0 0 
1 1 0 0 1 0 0 0 0 1 0 0 0 2 0 -1 0 0 1 1 0 0 2 0 0 0 0 1 0 0 0 3 0 -1 0 0 1 0 0 0 
4 0 -1 0 0 1 0 0 0 0 0 -1 0 0 1 1 0 0 0 0 0 0 0 0 2 0 0 0 0 0 0 0 0 0 0 0 2 0 0 0 
0 0 2 0 0 2 0 0 0 0 0 1 0 0 2 0 -1 0 0 0 1 0 0 1 0 -1 0 0 0 1 0 0 0 0 1 0 0 0 2 0 
0 1 0 0 1 0 0 0 0 1 8 3 0 2 1 0 0 0 0 8 2 0 1 0 0 0 1 0 8 3 0 1 0 0 0 0 1 8 3 0 
2 1 0 0 0 0 8 2 0 1 0 0 0 1 0 8 3 0 1 0 0 2 0 1 7 2 0 2 0 0 0 0 0 5 1 0 0 0 0 0 
0 0 2 1 0 0 0 0 0 0 0 2 1 0 0 0 1 0 0 1 0 0 0 1 0 0 0 0 1 6 2 0 1 0 0 0 1 0 4 1 
0 2 0 0 4 0 0 9 2 0 2 0 0 0 0 0 5 1 0 1 0 0 0 1 0 6 2 0 1 0 0 0 0 1 4 1 0 0 0 0 
0 0 0 2 1 0 2 0 0 0 0 0 5 1 0 0 0 0 0 0 0 2 1 0 0 0 1 0 1 0 0 0 0 2 0 0 2 0 0 6 
1 0 0 0 0 0 0 0 2 1 0 0 1 0 0 0 0 3 1 0 
<XFs>
0.56573854340622 0.111848375425241 0.143823043076699 0 0.0193757191385109 0 0 0 0 0 0 0 0 0 0.226216704003468 0 0 0 0 0 0 
<Falps>
-6.30067250877667e-09 3.60774505199573e-07 -2.75993797414301e-07 -0.944258054335194 -1.63086320226961e-08 -0.356442839446541 -0.0557796607488207 -1.83441944088726 -1.63611572489047 -1.85674285041299 -2.94540254162508 -0.193295571333647 -0.868316413362095 -1.20085686228587 7.46440070246275e-09 -0.0227913711893596 -2.87535352690866 -2.54477270418068 -2.13624664894869 -0.041633511919204 -8.24326819879198 
<G>
-115.945711951034 -150.195984728453 -180.190426116991 -47.1772821224588 -80.3903931322476 -68.9801129758596 -92.1152228605862 -110.561071774061 -210.25260400284 -94.8397340321774 -43.0690004071636 -154.286780187036 -62.4922774502199 -60.3466581064375 -39.0600083077128 -230.45021437251 -59.0152351310061 -173.981710225024 -55.4381027673336 -124.397069556067 -111.845617690176 4.00702494450064 -21.4689976523848 5.41751485162665 -17.8790870749323 -4.13399831952011 -7.72268318666566 -7.96576070413208 -22.1603265197649 -6.80253499688879 -14.9808818444216 -28.9021771618979 2.77595998171665 -7.96288753904426 2.91102927819469 -40.7445140844223 -517.702132265314 -553.771052005113 -523.305049328617 -518.162325905293 
-555.209355281637 -522.432639778176 -438.086166217771 -336.652415324169 -118.08012750157 -118.77243005629 -58.9316581953686 -395.729112546434 -281.919159258226 -530.299227852977 -336.207335859702 -403.095962714317 -277.830465645254 -118.900867489077 -336.599936290062 -112.280121289989 -62.8949362722264 -372.497518172009 -118.805002767776 -215.648760399101 
<G0>
-114.840207347064 -150.178169832707 -179.084921513021 -37.3702598526913 -76.0218194036033 -64.6115392472154 -91.0097182566159 -110.543256878316 -209.14709939887 -93.7342294282071 -41.9634958031932 -154.26896529129 -62.4744625544742 -60.3288432106918 -37.9545037037424 -230.432399476764 -58.9974202352604 -173.963895329278 -55.4202878715879 -123.291564952097 -111.82780279443 5.11252954847098 -21.4511827566391 6.52301945559699 -17.8612721791866 -3.02849371554977 -6.61717858269532 -6.86025610016174 -22.1425116240192 -6.78472010114309 -14.9630669486759 -28.8843622661523 3.88146458568698 -6.85738293507392 4.01653388216503 -40.7447217488781 -518.299028879512 -556.58217061717 -523.685802862259 -518.299028879512 
-556.58217061717 -523.685802862259 -438.086166217771 -336.652415324169 -118.08012750157 -118.77243005629 -58.9316581953686 -395.729112546434 -281.919159258226 -530.299227852977 -336.207335859702 -403.095962714317 -277.830465645254 -118.900867489077 -336.599936290062 -112.280121289989 -62.8949362722264 -372.497518172009 -118.805002767776 -215.648760399101 
<lnGam>
-1.10550460397034 -0.0178148957456951 -1.10550460397034 -9.80702226976748 -4.36857372864427 -4.36857372864427 -1.10550460397034 -0.0178148957456951 -1.10550460397034 -1.10550460397034 -1.10550460397034 -0.0178148957456951 -0.0178148957456951 -0.0178148957456951 -1.10550460397034 -0.0178148957456951 -0.0178148957456951 -0.0178148957456951 -0.0178148957456951 -1.10550460397034 -0.0178148957456951 -1.10550460397034 -0.0178148957456951 -1.10550460397034 -0.0178148957456951 -1.10550460397034 -1.10550460397034 -1.10550460397034 -0.0178148957456951 -0.0178148957456951 -0.0178148957456951 -0.0178148957456951 -1.10550460397034 -1.10550460397034 -1.10550460397034 0.000207664455864273 0.596896614197867 2.81111861205764 0.380753533642209 0.136702974219108 
1.37281533553327 1.25316308408289 0 0 0 0 0 0 0 0 0 0 0 0 0 0 0 0 0 0 
<lnGmo>
-1.1244362084687 -0.0367465002440542 -1.1244362084687 -9.82595387426584 -4.38750533314262 -4.38750533314262 -1.1244362084687 -0.0367465002440542 -1.1244362084687 -1.1244362084687 -1.1244362084687 -0.0367465002440542 -0.0367465002440542 -0.0367465002440542 -1.1244362084687 -0.0367465002440542 -0.0367465002440542 -0.0367465002440542 -0.0367465002440542 -1.1244362084687 -0.0367465002440542 -1.1244362084687 -0.0367465002440542 -1.1244362084687 -0.0367465002440542 -1.1244362084687 -1.1244362084687 -1.1244362084687 -0.0367465002440542 -0.0367465002440542 -0.0367465002440542 -0.0367465002440542 -1.1244362084687 -1.1244362084687 -1.1244362084687 0.00057298623212941 0.596896614197867 2.81111861205764 0.380753533642209 0.136702974219108 
1.37281533553327 1.25316308408289 0 0 0 0 0 0 0 0 0 0 0 0 0 0 0 0 0 0 
<B>
0.29442571790996 1.78324960377229e-08 0.01 1.11026667785195 0.0872223855045395 0.178347345796736 3.15066041476453 1.01307661056411 0 
<U>
-71.8891945989575 -91.0709998747577 -22.6655255009029 -8.05313647268069 -46.0889664771997 -40.4900395621252 -24.6577195639722 -69.5854283439448 -6.72747633955141 
<Uc>
0 0 0 0 0 0 0 0 0 0 0 0 0 0 0 0 0 0 
<Uefd>
0 0 0 0 0 0 0 0 0 
<U_r>
-545811.147716593 -691446.986471873 -172085.618099648 -61142.5915312166 -349925.629718444 -307416.366086459 -187211.141957636 -528320.044766644 -51077.6564212618 
<C>
-2.77555756156289e-17 3.30872245021211e-24 -2.3039296165317e-19 -6.66133814775094e-16 6.93889390390723e-18 2.77555756156289e-17 -3.88578058618805e-16 0 -7.57664353874071e-20 
<XF>
0.56573854340622 0.111848375425241 0.143823043076699 0 0.0193757191385109 0 0 0 0 0 0 0 0 0 0.226216704003468 0 0 0 0 0 0 
<YF>
0.56573854340622 0.111848375425241 0.143823043076699 0 0.0193757191385109 0 0 0 0 0 0 0 0 0 0.226216704003468 0 0 0 0 0 0 
<Falp>
-6.30067250877667e-09 3.60774505199573e-07 -2.75993797414301e-07 -0.944258054335194 -1.63086320226961e-08 -0.356442839446541 -0.0557796607488207 -1.83441944088726 -1.63611572489047 -1.85674285041299 -2.94540254162508 -0.193295571333647 -0.868316413362095 -1.20085686228587 7.46440070246275e-09 -0.0227913711893596 -2.87535352690866 -2.54477270418068 -2.13624664894869 -0.041633511919204 -8.24326819879198 
<X>
3.43245040525152e-13 1.33620091110649e-09 7.37638754738161e-08 1.73233888243005e-20 2.39076982341583e-17 1.9890580480537e-16 2.65640417957024e-13 3.26151281106041e-12 5.37153708312462e-18 1.75761192728992e-16 3.18308019335068e-05 1.22266184981095e-06 0.00103859847080941 5.27207878919701e-09 0.000156073666282781 1.54553976018375e-06 0.0086690363449286 7.35604766468142e-09 1.05146126825484e-08 6.89637188540807e-10 0.000469941699597688 2.31924263085273e-20 1.02399354919231e-15 1.10679408073652e-31 5.52722514512282e-28 0 0 0.000187833179712883 0.000104531997759418 4.9605637746079e-05 6.68011594942211e-16 7.51382359608319e-17 3.44625314761964e-24 8.12606945945985e-09 1.12904692047835e-08 0.555028205052975 0.0558125984770619 2.77778325387921e-09 0.0560357741703963 0.113708073898042 
1.50511852505761e-08 0.0301149541274717 0 0.0193757191385109 0 0 0 0 0 0 0 0 0 0.226216704003468 0 0 0 0 0 0 
<Y>
3.43245040525152e-13 1.33620091110649e-09 7.37638754738161e-08 1.73233888243005e-20 2.39076982341583e-17 1.9890580480537e-16 2.65640417957024e-13 3.26151281106041e-12 5.37153708312462e-18 1.75761192728992e-16 3.18308019335068e-05 1.22266184981095e-06 0.00103859847080941 5.27207878919701e-09 0.000156073666282781 1.54553976018375e-06 0.0086690363449286 7.35604766468142e-09 1.05146126825484e-08 6.89637188540807e-10 0.000469941699597688 2.31924263085273e-20 1.02399354919231e-15 1.10679408073652e-31 5.52722514512282e-28 0 0 0.000187833179712883 0.000104531997759418 4.9605637746079e-05 6.68011594942211e-16 7.51382359608319e-17 3.44625314761964e-24 8.12606945945985e-09 1.12904692047835e-08 0.555028205052975 0.0558125984770619 2.77778325387921e-09 0.0560357741703963 0.113708073898042 
1.50511852505761e-08 0.0301149541274717 0 0.0193757191385109 0 0 0 0 0 0 0 0 0 0.226216704003468 0 0 0 0 0 0 
<XY>
0 0 0 0 0 0 0 0 0 0 0 0 0 0 0 0 0 0 0 0 0 0 0 0 0 0 0 0 0 0 0 0 0 0 0 0 0 0 0 0 
0 0 0 0 0 0 0 0 0 0 0 0 0 0 0 0 0 0 0 0 
<XU>
0 0 0 0 0 0 0 0 0 0 0 0 0 0 0 0 0 0 0 0 0 0 0 0 0 0 0 0 0 0 0 0 0 0 0 0 0 0 0 0 
0 0 0 0 0 0 0 0 0 0 0 0 0 0 0 0 0 0 0 0 
<MU>
0 0 0 0 0 0 0 0 0 0 0 0 0 0 0 0 0 0 0 0 0 0 0 0 0 0 0 0 0 0 0 0 0 0 0 0 0 0 0 0 
0 0 0 0 0 0 0 0 0 0 0 0 0 0 0 0 0 0 0 0 
<EMU>
6.06715922035147e-13 2.36184520767252e-09 1.30386728181106e-07 3.0627578304101e-20 4.22615150500762e-17 3.51653903175887e-16 4.69633632288201e-13 5.76610812169159e-12 9.49619622455687e-18 3.10718952840907e-16 5.62622308293271e-05 2.16116159248756e-06 0.0018358288109688 9.31901327576133e-09 0.000275877869710379 2.73196719197317e-06 0.0153233933693671 1.30028467267859e-08 1.85863664599583e-08 1.21901548367835e-09 0.000830656269441356 4.09949406984223e-20 1.81003804375065e-15 1.95636894200435e-31 9.77007350803272e-28 5.38156629119061e-38 3.80840569146782e-47 0.000332014088446201 0.000184773436215654 8.76829889874881e-05 1.18077908984085e-15 1.32814327878636e-16 6.09176820858102e-24 1.43640563895543e-08 1.99569822397405e-08 0.981068394095714 0.499002866291224 2.48365311670346e-08 0.500997939586588 0.790610537915792 
1.04649730828645e-07 0.209388721935476 0.113695151750478 0.999999962447988 0.440105869455241 0.879468601946112 0.0146413310057905 0.0231144878465264 0.0139077587810764 0.00113395927704926 0.640773331826 0.135420242336341 0.0629713693959265 1.00000001718742 0.948874179314279 0.00133243635302733 0.00285251078966862 0.00730723965413224 0.908586936009322 5.71125828680582e-09 
<NMU>
-28.1307157166359 -19.8638226557503 -15.8527609703858 -44.9323860980321 -37.7026548116595 -35.583884211596 -28.386823509949 -25.879023765294 -39.1956403528818 -35.7076428589008 -9.78548710354992 -13.0448647065172 -6.30025923134405 -18.4912090855531 -8.19555229122896 -12.8104886251224 -4.17837463989109 -18.1580975244737 -17.8008375110166 -20.5252222845769 -7.09329448352726 -44.6408382913842 -33.9454285312071 -70.7090477083328 -62.193058613955 -85.8152540697792 -106.884288722841 -8.01033315486921 -8.59638015251055 -9.34178264561605 -34.3726019286715 -36.5575795520179 -53.455103846041 -18.0585368348346 -17.7296867678873 -0.0191131030950107 -0.695143439176527 -17.5109502366925 -0.69115329050735 -0.234949799197768 
-16.0726469601681 -1.56356284094803 -2.17423451985178 -3.75520129825854e-08 -0.820739968614075 -0.1284374153325 -4.22390685888548 -3.76729567854595 -4.27530840888423 -6.78203998521269 -0.445079501094623 -1.99937242940962 -2.76507510991905 1.7187417785625e-08 -0.0524790715495134 -6.62074616814774 -5.85955569370457 -4.91888968882774 -0.0958647039141492 -18.9808264720903 
<W>
1.17817157845113e-25 1.78543287484181e-18 5.44110932491665e-15 3.00099800357899e-40 5.71578034855577e-34 3.95635191852721e-32 7.05648316523823e-26 1.06374658167112e-23 2.8853410635383e-35 3.0891996869518e-32 1.01319995173014e-09 1.49490199898314e-12 1.07868678356764e-06 2.77948147595011e-17 2.4358989306949e-08 2.38869315030883e-12 7.5152191149693e-05 5.41114372450649e-17 1.10557079864007e-16 4.75599451818468e-19 2.20845201020763e-07 5.3788863807647e-40 1.04856278878746e-30 1.2249931371534e-62 3.0550217804878e-55 0 0 3.52813034010524e-08 1.0926938555575e-08 2.46071929619522e-09 4.46239490977237e-31 5.64575450330565e-33 1.18766607574783e-47 6.60330048599662e-17 1.27474694864165e-16 0.308056308404328 0.00311504614876173 7.71607980553175e-18 0.00314000798687565 0.0129295260696026 
2.26538177447161e-16 0.000906910462099723 0 0.000375418492134456 0 0 0 0 0 0 0 0 0 0.0511739971701927 0 0 0 0 0 0 
<F>
-144.03837579887 -170.021752167916 -196.005154883286 -92.0718435806266 -118.055056346109 -104.526145328666 -120.464187722319 -136.402233798668 -249.410353622841 -130.509471540784 -52.8164085787745 -167.293592467803 -68.7544925980226 -78.7998312503452 -47.2175227990167 -243.222683770684 -63.1555648224836 -192.101785324438 -73.2009346794489 -144.884257075292 -118.900851653429 -40.5957682841078 -55.3763958692048 -65.2534874592501 -80.0341158201314 0 0 -15.93804908403 -30.7186759034287 -16.1062731122359 -49.3154400361205 -65.4217113215095 -50.6411267023286 -25.983408079547 -14.7806096710183 -40.7639925078605 -518.397276805499 -571.282053507397 -523.996203180618 -518.397275172897 
-571.281992773692 -523.996201591303 0 -336.652415324169 0 0 0 0 0 0 0 0 0 -118.900867489077 0 0 0 0 0 0 
<F0>
-1.10550460397034 -0.0178148957456951 -1.10550460397034 -9.80702226976748 -4.36857372864427 -4.36857372864427 -1.10550460397034 -0.0178148957456951 -1.10550460397034 -1.10550460397034 -1.10550460397034 -0.0178148957456951 -0.0178148957456951 -0.0178148957456951 -1.10550460397034 -0.0178148957456951 -0.0178148957456951 -0.0178148957456951 -0.0178148957456951 -1.10550460397034 -0.0178148957456951 -1.10550460397034 -0.0178148957456951 -1.10550460397034 -0.0178148957456951 -1.10550460397034 -1.10550460397034 -1.10550460397034 -0.0178148957456951 -0.0178148957456951 -0.0178148957456951 -0.0178148957456951 -1.10550460397034 -1.10550460397034 -1.10550460397034 0.000207664455864273 0.596896614197867 2.81111861205764 0.380753533642209 0.136702974219108 
1.37281533553327 1.25316308408289 0 0 0 0 0 0 0 0 0 0 0 0 0 0 0 0 0 0 
<YOF>
0 0 0 0 0 0 0 0 0 0 0 0 0 0 0 0 0 0 0 0 0 
<lnGmM>
0 0 0 0 0 0 0 0 0 0 0 0 0 0 0 0 0 0 0 0 0 0 0 0 0 0 0 0 0 0 0 0 0 0 0 0 0 0 0 0 
0 0 0 0 0 0 0 0 0 0 0 0 0 0 0 0 0 0 0 0 
<fDQF>
0 0 0 0 0 0 0 0 0 0 0 0 0 0 0 0 0 0 0 0 0 0 0 0 0 0 0 0 0 0 0 0 0 0 0 0 0 0 0 0 
0 0 0 0 0 0 0 0 0 0 0 0 0 0 0 0 0 0 0 0 
<FVOL>
30.7692946931887 11.8774622874424 14.9454308352969 0 1.01220346437328 0 0 0 0 0 0 0 0 0 5.35358692904108 0 0 0 0 0 0 
<FWGT>
10.6270216502371 30.231869321012 38.1988173342329 0 3.13974814725049 0 0 0 0 0 0 0 0 0 13.5920725334125 0 0 0 0 0 0 
<Y_la>
-10.9362480495659 -6.87360437244466 -5.6040000542255 -22.0121418893744 -16.5104212945491 -15.590250914525 -11.047474250974 -9.48597302185105 -15.7416837617505 -14.2268656972261 -2.96901649366967 -3.91216856277005 -0.983023622295467 -6.27748587312404 -2.27851657809458 -3.81038032393046 -0.0615008529942958 -6.13281736028945 -5.97766130784073 -7.63322421987984 -1.3274344562725 -18.1065031793069 -12.9891681004761 -29.4277826821568 -25.2569579722261 -35.9883247474078 -45.1384902362371 -2.19807692923087 -1.98021626813811 -2.30394045768992 -13.1746871498103 -14.1236108747093 -21.9344900717144 -6.56195634046851 -6.41913857102013 -0.00836918491047125 -0.0426680539526364 -6.38405575946932 -0.134804901590293 -0.0426680539526364 
-6.38405575946932 -0.134804901590293 -0.944258054332752 -1.63086320200808e-08 -0.356442839445619 -0.0557796607486765 -1.83441944088252 -1.63611572488624 -1.85674285040819 -2.94540254161747 -0.193295571333147 -0.86831641335985 -1.20085686228276 7.46440065465232e-09 -0.0227913711893007 -2.87535352690123 -2.54477270417409 -2.13624664894317 -0.0416335119190964 -8.24326819877066 
<Y_w>
1.97013275257506e-06 0.00980786707652652 0.659486025227495 4.39832571894804e-14 9.89620801690029e-11 7.50139308201955e-10 1.88802531874729e-06 3.40618228772726e-05 5.92246013760629e-11 9.44139326459181e-10 117.109978122033 11.2841554949139 7286.0363680391 0.0278340839453662 337.639501742691 17.1614192870022 47674.9518316034 0.0692765993199909 0.0395740735411488 0.00500283816689128 2657.011480544 1.12289785169028e-13 5.05494963117773e-09 7.02504001214697e-25 3.56066318899425e-21 0 0 626.633667766931 358.645721372574 9.40997424258971 2.01143559440037e-09 2.40500551514248e-10 1.07038096470408e-17 0.0130048580569681 0.00107087650951694 940.903290806634 0 0 0 0 
0 0 0 3277.75716248132 0 0 0 0 0 0 0 0 0 14189.5180791404 0 0 0 0 0 0 
<Fx>
-144.038383011815 -170.021762708916 -196.005142406018 -92.0716236176117 -118.055003314713 -104.525952553861 -120.464001715212 -136.402050876564 -249.410199722851 -130.509332250962 -52.8164428167511 -167.293600204102 -68.7544919781026 -78.7998225138526 -47.2175159016766 -243.222658307694 -63.1555650630281 -192.101763070667 -73.2008955987781 -144.884247168991 -118.900867471889 -40.5957687253237 -55.3763815375558 -65.2534882892959 -80.034101101528 -89.9112078532681 -114.56892741724 -15.9380491613515 -30.7186619735836 -16.1062729453614 -49.3154391279444 -65.4217120733058 -50.6410992610737 -25.9833796971015 -14.7806128122321 -40.7639925093336 -518.397275704695 -571.28200227234 -523.996202619769 -518.397275704695 
-571.28200227234 -523.996202619769 -440.260400742139 -336.652415361721 -118.900867471889 -118.900867471889 -63.1555650630281 -399.496408232806 -286.194467675991 -537.081267852277 -336.652415361721 -405.09533514788 -280.595540760916 -118.900867471889 -336.652415361721 -118.900867471889 -68.7544919781026 -377.416407871054 -118.900867471889 -234.629586910619 
<Wx>
6.06720267738043e-13 2.361870031095e-09 1.30385098087353e-07 3.06208389479691e-20 4.22592706698291e-17 3.51586094183704e-16 4.69546261348301e-13 5.76505321950202e-12 9.4947341766454e-18 3.10675655349135e-16 5.62641564809403e-05 2.16117827583305e-06 0.00183582766794742 9.31893159948885e-09 0.000275875964439487 2.73189758448895e-06 0.01532339708151 1.30025570122761e-08 1.85856396123226e-08 1.21900336573961e-09 0.000830669405637885 4.09949553178567e-20 1.81001199428098e-15 1.95637029443441e-31 9.76992854657612e-28 0 0 0.000332014111292419 0.000184770860988272 8.76829735648052e-05 1.18077794544494e-15 1.32814419021969e-16 6.09160041822555e-24 1.43636482862456e-08 1.99570443562241e-08 0.981068395501641 0.499002316885385 2.4835257940209e-08 0.500997658279357 0.790610958199535 
1.04650721668777e-07 0.209388937149743 0 1 0 0 0 0 0 0 0 0 0 1 0 0 0 0 0 0 
<VL>
-28.1307085539965 -19.8638121456238 -15.8527734724554 -44.9326061643281 -37.7027079200216 -35.5840770589672 -28.3870095678932 -25.8792067307667 -39.195794326161 -35.7077822147666 -9.78545287777125 -13.0448569869273 -6.30025985396296 -18.491217850068 -8.19555919746422 -12.8105141043343 -4.1783743976378 -18.1581198055744 -17.8008766182757 -20.525232225385 -7.0932786694136 -44.6408379347687 -33.9454429229803 -70.709047017037 -62.1930734513595 -54.7552246294886 -54.7552246294886 -8.01033308605822 -8.59639408982417 -9.34178282150745 -34.3726028978591 -36.5575788657719 -53.4551313902056 -18.0585652466631 -17.7296836553733 -0.0191131016619542 -0.695144540184513 -17.511001502284 -0.691153852001296 -0.234949267604004 
-16.0726374920555 -1.56356181312688 0 0 0 0 0 0 0 0 0 0 0 0 0 0 0 0 0 0 
<Gamma>
0.337370684384627 1.00111733250404 0.337370684384627 5.61159391612334e-05 0.0129114324436752 0.0129114324436752 0.337370684384627 1.00111733250404 0.337370684384627 0.337370684384627 0.337370684384627 1.00111733250404 1.00111733250404 1.00111733250404 0.337370684384627 1.00111733250404 1.00111733250404 1.00111733250404 1.00111733250404 0.337370684384627 1.00111733250404 0.337370684384627 1.00111733250404 0.337370684384627 1.00111733250404 0.337370684384627 0.337370684384627 0.337370684384627 1.00111733250404 1.00111733250404 1.00111733250404 1.00111733250404 0.337370684384627 0.337370684384627 0.337370684384627 0.999842355106861 1.81647282812203 16.6285086693952 1.46338688532321 1.14648756157809 
3.94644563878509 3.50140068475553 1 1 1 1 1 1 1 1 1 1 1 1 1 1 1 1 1 1 
<lnGmf>
0 0 0 0 0 0 0 0 0 0 0 0 0 0 0 0 0 0 0 0 0 0 0 0 0 0 0 0 0 0 0 0 0 0 0 0 6.90775527898214 6.90775527898214 0 0 
0 6.90775527898214 0 0 0 0 0 0 0 0 0 0 0 0 0 0 0 0 0 0 
<BF>
2.84330202962466e-06 3.52752789601497e-12 0.01 1.11026667785195 0.00107165720667152 0.00882667342163191 0.55597706304952 0.000469949745282541 -5.31314518706163e-17 0.111848378203025 2.77778325387921e-09 0 0 0.0560357741703963 0.0558125984770619 0.894787003401931 0.335545123497941 0 0.143823058127884 1.50511852505761e-08 0 0 0.0301149541274717 0.113708073898042 1.15058434461359 0.431469114178911 0 
<BFC>
0.29442287460793 1.78289685044553e-08 0 0 0.086150728297868 0.169520672375104 2.59468335171501 1.01260666081883 0 
<XFA>
0.555028205052975 0 0 
<YFA>
0.555028205052975 0 0 
<PUL>
1000000 1000000 1000000 
<PLL>
0 0 0 
<Y_m>
3.432793807464e-11 1.33633459238226e-07 7.37712552390125e-06 1.73251219564212e-18 2.39100900987156e-15 1.98925704493751e-14 2.65666994162498e-11 3.26183911168624e-10 5.3720744827957e-16 1.75778776896373e-14 0.00318339864712331 0.000122278417198164 0.103870237821393 5.27260623848451e-07 0.0156089280796025 0.000154569438493005 0.866990364551841 7.35678360628142e-07 1.05156646252809e-06 6.89706183838159e-08 0.0469988715286285 2.31947466131397e-18 1.02409599543591e-13 1.10690481082471e-29 5.52777812072906e-26 0 0 0.0187851971631739 0.0104542455745716 0.00496106005812965 6.68078426689967e-14 7.51457532250089e-15 3.44659793073839e-22 8.12688243849865e-07 1.12915987686948e-06 55.50837344 5.58181822925693 2.77806115939933e-07 5.60413803136923 11.3719449912126 
1.50526910582952e-06 3.01179670018486 0 1.93776791482677 0 0 0 0 0 0 0 0 0 22.6239587641688 0 0 0 0 0 0 
<IC_m>
0.00028435864900464 3.52788618240461e-10 1.00010004579002 0.0210288782402562 0.107176442146338 0.882755649314759 0.0948952925792945 0.0469996761776081 8.98405495505274e-18 
<IC_lm>
-3.54613355040801 -9.45248541497802 4.34471611346869e-05 -1.67718389011458 -0.969900661974756 -0.0541594943167652 -1.02275532872843 -1.32790513153147 0 
<IC_wm>
0.00721900811127556 1.33034898984981e-08 33.3611808480688 0.0199434395343692 3.94277694573288 19.0950445844306 1.42854312914081 1.242001225044 0 
<Aalp>
0 0 0 0 0 0 0 0 0 0 0 0 0 0 0 0 0 0 0 0 0 
<Xr0h0>
0 0 0 0 0 0 0 0 0 0 0 0 0 0 0 0 0 0 0 0 0 0 0 0 0 0 0 0 0 0 0 0 0 0 0 0 0 0 0 0 
0 0 
<Sigw>
0 0 0 0 0 0 0 0 0 0 0 0 0 0 0 0 0 0 0 0 0 
<Sigg>
0 0 0 0 0 0 0 0 0 0 0 0 0 0 0 0 0 0 0 0 0 
<EZ>
1 0 -1 3 2 2 1 0 1 1 1 0 0 0 1 0 0 0 0 -1 0 -1 0 -1 0 -1 -1 -1 0 0 0 0 -1 -1 1 0 0 0 0 0 
0 0 0 0 0 0 0 0 0 0 0 0 0 0 0 0 0 0 0 0 
<Xcond>
0 0 0 0 0 0 0 0 0 0 0 0 0 0 0 0 0 0 0 0 0 
<Xeps>
0 0 0 0 0 0 0 0 0 0 0 0 0 0 0 0 0 0 0 0 0 
<sMod>
'HNNSNNNN' 'VNNSNNNN' 'VNNSNNNN' 
<LsMod>
2 0 4 3 2 3 3 2 3 
<IPxPH>
0 1 0 2 1 2 0 1 0 2 1 2 
<PMc>
0.0299999993294477 3.72000002861023 1 1 0 0 0 0 3100 0 0 25100 -10.8000001907349 0.342999994754791 40000 0 0 3100 0 0 25100 -10.8000001907349 0.342999994754791 40000 0 0 
<LsMdc>
0 0 0 1 0 0 1 0 0 
<DMc>
0.64300000667572 1 1 0.64300000667572 1 1 
<MoiSN>

<SitFr>

<LsMdc2>
0 0 0 0 0 0 0 0 0 
<DQFc>

<LsPhl>
0 0 0 0 0 0 0 0 0 0 0 0 0 0 0 0 0 0 0 0 0 0 0 0 0 0 0 0 0 0 0 0 0 0 0 0 0 0 0 0 
0 0 
<PhLin>

<lPhc>

<lnDQFt>
0 0 0 0 0 0 0 0 0 0 0 0 0 0 0 0 0 0 0 0 0 0 0 0 0 0 0 0 0 0 0 0 0 0 0 0 0 0 0 0 
0 0 
<lnRcpt>
0 0 0 0 0 0 0 0 0 0 0 0 0 0 0 0 0 0 0 0 0 0 0 0 0 0 0 0 0 0 0 0 0 0 0 0 0 0 0 0 
0 0 
<lnExet>
0 0 0 0 0 0 0 0 0 0 0 0 0 0 0 0 0 0 0 0 0 0 0 0 0 0 0 0 0 0 0 0 0 0 0 0 0 0 0 0 
0 0 
<lnCnft>
0 0 0 0 0 0 0 0 0 0 0 0 0 0 0 0 0 0 0 0 0 0 0 0 0 0 0 0 0 0 0 0 0 0 0 0 0 0 0 0 
0 0 
<SorMc>
0 0 0 0 0 0 0 0 0 0 0 0 0 0 0 0 
0 0 0 0 0 0 0 0 0 0 0 0 0 0 0 0 
0 0 0 0 0 0 0 0 0 0 0 0 0 0 0 0 
<LsISmo>
0 0 0 0 0 0 0 0 0 0 0 0 
<xSMd>

<IsoPc>

<IsoSc>

<IsoCt>

<LsESmo>
0 0 0 0 0 0 0 0 0 0 0 0 
<EImc>

<mCDc>

<lnScalT>
0 0 0 0 0 0 0 0 0 0 0 0 0 0 0 0 0 0 0 0 0 0 0 0 0 0 0 0 0 0 0 0 0 0 0 0 0 0 0 0 
0 0 
<lnSACT>
0 0 0 0 0 0 0 0 0 0 0 0 0 0 0 0 0 0 0 0 0 0 0 0 0 0 0 0 0 0 0 0 0 0 0 0 0 0 0 0 
0 0 
<lnGammF>
0 0 0 0 0 0 0 0 0 0 0 0 0 0 0 0 0 0 0 0 0 0 0 0 0 0 0 0 0 0 0 0 0 0 0 0 0 0 0 0 
0 0 
<CTerms>
0 0 0 0 0 0 0 0 0 0 0 0 0 0 0 0 0 0 0 0 0 0 0 0 0 0 0 0 0 0 0 0 0 0 0 0 0 0 0 0 
0 0 
<kMod>
'NNNNNN' 'NNNNNN' 'NNNNNN' 'NNNNNN' 'NNNNNN' 'NNNNNN' 'NNNNNN' 'NNNNNN' 'NNNNNN' 'NNNNNN' 'NNNNNN' 'NNNNNN' 'NNNNNN' 'NNNNNN' 'NNNNNN' 'NNNNNN' 'NNNNNN' 'NNNNNN' 'NNNNNN' 'NNNNNN' 'NNNNNN' 
<LsKin>
0 0 0 0 0 0 0 0 0 0 0 0 0 0 0 0 0 0 0 0 0 0 0 0 0 0 0 0 0 0 0 0 0 0 0 0 0 0 0 0 
0 0 0 0 0 0 0 0 0 0 0 0 0 0 0 0 0 0 0 0 0 0 0 0 0 0 0 0 0 0 0 0 0 0 0 0 0 0 0 0 
0 0 0 0 0 0 0 0 0 0 0 0 0 0 0 0 0 0 0 0 0 0 0 0 0 0 0 0 0 0 0 0 0 0 0 0 0 0 0 0 
0 0 0 0 0 0 
<xSKrC>

<ocPRkC>

<feSArC>

<rpConC>

<apConC>

<AscpC>

<LsUpt>
0 0 0 0 0 0 
<UMpcC>

<PfFact>
1 1 1 1 1 1 1 1 1 1 1 1 1 1 1 1 1 1 1 1 1 
<PrT>
0 0 0 0 0 0 0 0 0 0 0 0 0 0 0 0 0 0 0 0 0 
<PkT>
0 0 0 0 0 0 0 0 0 0 0 0 0 0 0 0 0 0 0 0 0 
<PvT>
0 0 0 0 0 0 0 0 0 0 0 0 0 0 0 0 0 0 0 0 0 
<emRd>
0 0 0 0 0 0 0 0 0 0 0 0 0 0 0 0 0 0 0 0 0 0 0 0 0 0 0 0 0 0 0 0 0 0 0 0 0 0 0 0 
0 0 
<emDf>
0 0 0 0 0 0 0 0 0 0 0 0 0 0 0 0 0 0 0 0 0 0 0 0 0 0 0 0 0 0 0 0 0 0 0 0 0 0 0 0 
0 0 
<Wb>
0 0 0 0 0 0 0 0 0 0 0 0 0 0 0 0 0 0 0 0 0 0 0 0 0 0 0 0 0 0 0 0 0 0 0 0 0 0 0 0 
0 0 
<Wabs>
0 0 0 0 0 0 0 0 0 0 0 0 0 0 0 0 0 0 0 0 0 0 0 0 0 0 0 0 0 0 0 0 0 0 0 0 0 0 0 0 
0 0 
<Rion>
0 0 0 0 0 0 0 0 0 0 0 0 0 0 0 0 0 0 0 0 0 0 0 0 0 0 0 0 0 0 0 0 0 0 0 0 0 0 0 0 
0 0 
<Qp>
0 0 0 0 0 0 0 0 0 0 0 0 0 0 0 0 0 0 0 0 0 0 0 0 0 0 0 0 0 0 0 0 0 0 0 0 0 0 0 0 
0 0 0 0 0 0 0 0 0 0 0 0 0 0 0 0 0 0 0 0 0 0 0 0 0 0 0 0 0 0 0 0 0 0 0 0 0 0 0 0 
0 0 0 0 0 0 0 0 0 0 0 0 0 0 0 0 0 0 0 0 0 0 0 0 0 0 0 0 0 0 0 0 0 0 0 0 0 0 0 0 
0 0 0 0 0 0 0 0 0 0 0 0 0 0 0 0 0 0 0 0 0 0 0 0 0 0 0 0 0 0 0 0 0 0 0 0 0 0 0 0 
0 0 0 0 0 0 0 0 0 0 0 0 0 0 0 0 0 0 0 0 0 0 0 0 0 0 0 0 0 0 0 0 0 0 0 0 0 0 0 0 
0 0 0 0 0 0 0 0 0 0 0 0 0 0 0 0 0 0 0 0 0 0 0 0 0 0 0 0 0 0 0 0 0 0 0 0 0 0 0 0 
0 0 0 0 0 0 0 0 0 0 0 0 0 0 0 0 0 0 0 0 0 0 0 0 0 0 0 0 0 0 0 0 0 0 0 0 0 0 0 0 
0 0 0 0 0 0 0 0 0 0 0 0 0 0 0 0 0 0 0 0 0 0 0 0 0 0 0 0 0 0 0 0 0 0 0 0 0 0 0 0 
0 0 0 0 0 0 0 0 0 0 0 0 0 0 0 0 0 0 0 0 0 0 0 0 0 0 0 0 0 0 0 0 0 0 0 0 0 0 0 0 
0 0 0 0 0 0 0 0 0 0 0 0 0 0 0 0 0 0 0 0 0 0 0 0 0 0 0 0 0 0 0 0 0 0 0 0 0 0 0 0 
0 0 0 0 0 0 0 0 0 0 0 0 0 0 0 0 0 0 0 0 0 0 0 0 0 0 0 0 0 0 0 0 0 0 0 0 0 0 0 0 
0 0 0 0 0 0 0 0 0 0 0 0 0 0 0 0 0 0 0 0 0 0 0 0 0 0 0 0 0 0 0 0 0 0 0 0 0 0 0 0 
0 0 0 0 0 0 0 0 0 0 0 0 0 0 0 0 0 0 0 0 0 0 0 0 0 0 0 0 0 0 0 0 0 0 0 0 0 0 0 0 
0 0 0 0 0 0 0 0 0 0 0 0 0 0 0 0 0 0 0 0 
<Qd>
0 0 0 0 0 0 0 0 0 0 0 0 0 0 0 0 0 0 0 0 0 0 0 0 0 0 0 0 0 0 0 0 0 0 0 0 0 0 0 0 
0 0 0 0 0 0 0 0 0 0 0 0 0 0 0 0 0 0 0 0 0 0 0 0 0 0 0 0 0 0 0 0 0 0 0 0 0 0 0 0 
0 0 0 0 0 0 0 0 0 0 0 0 0 0 0 0 0 0 0 0 0 0 0 0 0 0 0 0 0 0 0 0 0 0 0 0 0 0 0 0 
0 0 0 0 0 0 0 0 0 0 0 0 0 0 0 0 0 0 0 0 0 0 0 0 0 0 0 0 0 0 0 0 0 0 0 0 0 0 0 0 
0 0 0 0 0 0 0 0 0 0 0 0 0 0 0 0 0 0 0 0 
<H0>
0 0 0 0 0 0 0 0 0 0 0 0 0 0 0 0 0 0 0 0 0 0 0 0 0 0 0 0 0 0 0 0 0 0 0 0 0 0 0 0 
0 0 0 0 0 0 0 0 0 0 0 0 0 0 0 0 0 0 0 0 
<A0>
0 0 0 0 0 0 0 0 0 0 0 0 0 0 0 0 0 0 0 0 0 0 0 0 0 0 0 0 0 0 0 0 0 0 0 0 0 0 0 0 
0 0 0 0 0 0 0 0 0 0 0 0 0 0 0 0 0 0 0 0 
<U0>
0 0 0 0 0 0 0 0 0 0 0 0 0 0 0 0 0 0 0 0 0 0 0 0 0 0 0 0 0 0 0 0 0 0 0 0 0 0 0 0 
0 0 0 0 0 0 0 0 0 0 0 0 0 0 0 0 0 0 0 0 
<S0>
0 0 0 0 0 0 0 0 0 0 0 0 0 0 0 0 0 0 0 0 0 0 0 0 0 0 0 0 0 0 0 0 0 0 0 0 0 0 0 0 
0 0 0 0 0 0 0 0 0 0 0 0 0 0 0 0 0 0 0 0 
<Cp0>
0 0 0 0 0 0 0 0 0 0 0 0 0 0 0 0 0 0 0 0 0 0 0 0 0 0 0 0 0 0 0 0 0 0 0 0 0 0 0 0 
0 0 0 0 0 0 0 0 0 0 0 0 0 0 0 0 0 0 0 0 
<VPh>
0 0 0 0 0 0 0 0 0 0 0 0 0 0 0 
<GPh>
0 0 0 0 0 0 0 0 0 0 0 0 0 0 0 
<HPh>
0 0 0 0 0 0 0 0 0 0 0 0 0 0 0 
<SPh>
0 0 0 0 0 0 0 0 0 0 0 0 0 0 0 
<CPh>
0 0 0 0 0 0 0 0 0 0 0 0 0 0 0 
<APh>
0 0 0 0 0 0 0 0 0 0 0 0 0 0 0 
<UPh>
0 0 0 0 0 0 0 0 0 0 0 0 0 0 0 