

Next record
07PSIna   G  simple      0    0       0       101     0   

<Short_PARAM>
2 2 -4 1 130 1 0 30000 1 9999 
<Double_PARAM>
1000 1e-13 1e-20 1e-05 0.01 0.01 1e-05 1e-05 1e-05 1e-05 1e-05 1e-05 1e-06 1e-17 0.7 -0.0065 1 1000 0.001 12.05 1e-13 1e-13 1e-33 1e-20 1e-05 1e-10 0.001 1e-10 
<Short_Const>
4 4 23 16 12 3 0 0 9 2 0 3 2 0 36 1 2 1 1 0 1 0 0 2 1 2 0 0 0 2 36 0 0 0 0 0 1 0 0 
<Double_Const>
101 101 374.15 374.15 1.04991532955592 1.04991532955592 0 1045.06567406747 -13575085.050332 0 0 0 0 0 0 0 0 0 0 0 
0 0 0 0 166.774940150627 1000 1.005 -4363.75289199435 7.72324912953202e-07 6.11340590819086 -1.14514856569666 -0.0848441149855756 1e-13 1e-20 55.50837344 0 9.99999e-06 0 0 0 
0 1e-05 0.048709522399798 3110.8739165 31.0154996923033 55.4608740134604 4.01653388216503 3.2128015359234e-08 1.66e-24 5.80678783490573 -11.5115669186778 9.86581875701529e-06 5.88342185996719 
<Add_Double_Const>
1e-13 1e-13 1e-33 1e-20 1e-05 1e-05 1e-05 1e-05 1e-05 1e-05 1e-06 1 
<EpsW>
55.2383486240293 -0.25358756146877 0.00116164500910713 0.00350172816072574 0 
<EpsWg>
1.00726787227462 -4.05185690439151e-05 3.58801158800543e-07 0.00706583136386406 0 
<DenW>
0.957673134510463 -0.000723482783810577 -4.61554188753983e-06 4.71823892985389e-05 0 
<DenWg>
0.000617738263688827 -1.77976042781367e-06 1.1918149184019e-08 0.000598095549112155 0 
Error Code 
Error Message
<L1>
13 3 1 1 1 1 1 1 1 
<muk>
0 1 20 21 22 23 24 25 26 
<mui>
2 23 39 60 
<muj>
45 52 53 54 55 56 57 58 371 682 1133 1134 1135 1138 1139 1145 1164 1165 1166 1167 1168 1169 1170 
<DUL>
1000000 1000000 1000000 1000000 1000000 1000000 1000000 1000000 1000000 1000000 1000000 1000000 1000000 1000000 1000000 1000000 1000000 1000000 1000000 1000000 1000000 1000000 1000000 
<DLL>
0 0 0 0 0 0 0 0 0 0 0 0 0 0 0 0 0 0 0 0 0 0 0 
<Vol>
-53.2615705095169 -7.37654982519631 -6.63353968616865 -5.89053073923388 -91.4370896501008 -16.2391199284479 -23.6156685615513 -8.11955996422396 0 1.48602027805532 -5.45317956575352 0 18.811010217229 29629.7599332682 29629.7599332682 29629.7599332682 25.5900001525879 31.9600009918213 38.0399990081787 33.1800007820129 17.7600002288818 19.539999961853 29.1499996185303 
<Pparc>
0 0 0 0 0 0 0 0 0 0 0 0 0 0 0 0 0 0 0 0 0 0 0 
<MM>
26.9815006256104 60.9952998161316 78.0021994113922 95.0090990066528 894.980295181274 87.9768004417419 148.972100257874 43.988400220871 2.01579999923706 31.9979991912842 17.0068995952606 1.00789999961853 18.0147995948792 2.01579999923706 18.0147995948792 31.9979991912842 101.960000038147 78.0021994113922 78.0021994113922 78.0021994113922 59.9873998165131 59.9873998165131 59.9873998165131 
<Awt>
26.9815006256104 1.00789999961853 15.9989995956421 0 
<A>
1 0 0 3 1 2 2 1 1 3 3 0 1 4 4 -1 13 32 32 7 2 2 2 4 3 4 4 5 1 1 1 2 0 2 0 0 0 0 2 0 
0 1 1 -1 0 1 0 1 0 2 1 0 0 2 0 0 0 2 1 0 0 0 2 0 2 0 3 0 1 3 3 0 1 3 3 0 1 3 3 0 
1 1 2 0 1 1 2 0 1 1 2 0 
<XFs>
55.4608755683337 1.64537133273816e-06 0 0 0 0 0.0980776276011822 0 0 
<Falps>
4.3187984164595e-10 -0.00645687628249302 -3.06562539553866 -1.13567026830284 -0.942502903369237 -1.2548078390881 1.98507178259099e-06 -0.535864115425346 -0.806279345434823 
<G>
-144.049285718223 -284.956081201607 -353.527153399769 -418.797925980018 -4294.38007563275 -437.730108900746 -732.783848226217 -215.337333114277 7.80640791127919 5.99704313312129 -45.9399401568721 4.01653388216503 -78.1552559146606 -3.22722726733027 -78.1403884316317 -5.0482317623252 -510.107800765444 -373.201238535056 -373.646022830929 -372.92691413998 -297.660964599936 -296.427087302527 -295.804433223695 
<G0>
-144.049285718223 -284.956081201607 -353.527153399769 -418.797925980018 -4294.38007563275 -437.730108900746 -732.783848226217 -215.337333114277 7.80640791127919 5.99704313312129 -45.9399401568721 4.01653388216503 -78.1552559146606 -3.22722726733027 -78.1403884316317 -5.0482317623252 -510.107800765444 -373.201238535056 -373.646022830929 -372.92691413998 -297.660964599936 -296.427087302527 -295.804433223695 
<lnGam>
0 0 0 0 0 0 0 0 0 0 0 0 0 0 0 0 0 0 0 0 0 0 0 
<lnGmo>
-2.80354971460284e-08 -2.80354971460284e-08 -2.80354971460284e-08 -2.80354971460284e-08 -2.80354971460284e-08 -2.80354971460284e-08 -2.80354971460284e-08 -2.80354971460284e-08 -2.80354971460284e-08 -2.80354971460284e-08 -2.80354971460284e-08 -2.80354971460284e-08 0 0 0 0 0 0 0 0 0 0 0 
<B>
0.0980776774839019 111.019830637945 55.6570318351983 0 
<U>
-175.670037433154 -11.4398630958045 -55.2755297500903 -2.6368020221207 
<Uc>
-175.670037433154 -172.973043073972 -11.4398630958045 -10.5408654415589 -55.2755297500903 -57.0735250578323 -2.6368020221207 -3.53686705793177 
<Uefd>
-5.40601217111273 -1.80200405701732 3.60400811403463 1.80200405701724 
<U_r>
-546487.337361377 -35587.9717130693 -171955.203720276 -8202.75863358975 
<C>
-1.85157378485708e-17 3.93307600231772e-12 4.58297840080256e-12 0 
<XF>
55.4608755683337 1.64537133273816e-06 0 0 0 0 0.0980776276011822 0 0 
<YF>
55.4608753598703 1.64537133273816e-06 0 0 0 0 0.0980773269012161 0 0 
<Falp>
4.31879938078696e-10 -0.00645687628249302 -3.06562539553866 -1.13567026830284 -0.942502903369237 -1.2548078390881 1.98507178259099e-06 -0.535864115425346 -0.806279345434823 
<X>
3.76550307108238e-16 1.29691087659094e-10 1.15869681287264e-08 3.81655509296262e-08 0 5.41818153794077e-24 3.0770461017329e-31 5.09155236258727e-13 2.61317191499193e-12 0 7.33476526395675e-07 7.71511366797519e-07 55.4608740134604 4.87246764819313e-15 1.64537132786569e-06 0 0 0 0 0 0.0980776276011822 0 0 
<Y>
3.76550307108238e-16 1.29691087659094e-10 1.15869681287264e-08 3.81655509296262e-08 0 5.41818153794077e-24 3.0770461017329e-31 5.09155236258727e-13 2.61317191499193e-12 0 7.33476526395675e-07 7.71511366797519e-07 55.4608740134604 4.87246764819313e-15 1.64537132786569e-06 0 0 0 0 0 0.0980776276011822 0 0 
<XY>
1.32663856851292e-15 3.76733228332639e-10 2.28267425176175e-08 6.3992713982103e-08 0 1.80478132509371e-23 1.07599146286368e-30 1.81284191493888e-12 9.30607154347336e-13 0 8.1551829056748e-07 8.79130641657506e-07 55.4608738051667 2.39964759730685e-15 1.6700166536092e-06 0 0 9.03719254015929e-09 2.50358208704121e-08 4.64463990364372e-09 0.0980773269012161 1.75282624853133e-07 4.9384408461307e-08 
<XU>
0 0 0 0 0 0 0 0 0 0 0 0 0 0 0 0 0 0 0 0 0 0 0 
<MU>
-3.11058002790541e-40 -3.68041547282304e-29 -2.93401866468266e-25 -3.17911269937705e-24 0 -1.28639934034523e-55 -6.22074298289929e-70 -5.67987970474332e-34 -8.84830607630708e-22 0 1.51179791195763e-24 -1.67265340883587e-24 0 -3.07625336340026e-27 0 0 0 0 0 0 -2.10214733647279e-11 0 0 
<EMU>
6.7896655267762e-18 2.33848885445921e-12 2.08927290088335e-10 6.88260948146658e-10 1.08297030262879e-62 9.76964859448977e-26 5.54829327040677e-33 9.18069545143434e-15 4.71187052725424e-14 2.4199939918398e-51 1.32585537964566e-08 1.38750821509351e-08 0.999999972961221 2.91761631811857e-09 0.985242465694301 1.51601739135477e-46 0.000859754790695623 0.0731694400859507 0.114155567300288 0.055615028090132 1.00000457080714 0.291162798259978 0.156214252336515 
<NMU>
-39.531129993215 -26.7815161838629 -22.2890348188072 -21.0968530648087 -142.680568219383 -57.587931920248 -74.2718177071844 -32.3216734359109 -30.6861063331829 -116.548074685242 -18.1386229232607 -18.0931712565433 -2.70387791370743e-08 -19.652498883456 -0.0148675100366934 -105.502827518702 -7.05886333647129 -2.61497743035067 -2.17019313540161 -2.88930182485633 4.57079669511714e-06 -1.23387272404884 -1.85652680158722 
<W>
5.09781916105565e-30 6.04726051083919e-19 4.8270082138651e-15 5.23698686799612e-14 0 1.05546908518707e-45 3.40413221267678e-60 9.32049208658517e-24 2.45512934386863e-22 0 1.93424219117951e-11 2.14004581498671e-11 110588.97475289 8.53564494325303e-28 9.73343791697987e-11 0 0 0 0 0 0.34584246453682 0 0 
<F>
-182.32109152577 -310.671242761249 -375.138164234174 -439.378100347643 0 -494.114804368224 -805.803836252 -246.389136261052 -23.912209019892 0 -63.9750599068829 -13.9434762063466 -78.1552559467886 -23.5880048121964 -78.1403884330686 0 0 -373.201238535056 -373.646022830929 -372.92691413998 -297.660964599936 -296.427087302527 -295.804433223695 
<F0>
0 0 0 0 0 0 0 0 0 0 0 0 0 0 0 0 0 0 0 0 0 0 0 
<YOF>
0 0 0 0 0 0 0 0 0 
<lnGmM>
0 0 0 0 0 0 0 0 0 0 0 0 0 0 0 0 0 0 0 0 0 0 0 
<fDQF>
0 0 0 0 0 0 0 0 0 0 0 0 0 0 0 0 0 0 0 0 0 0 0 
<FVOL>
1043.27506342123 0.0487519575901132 0 0 0 0 1.74185868864518 0 0 
<FWGT>
999.116548498921 2.96410347404825e-05 0 0 0 0 5.88342185996719 0 0 
<Y_la>
-15.4237930907729 -9.88670616698811 -7.93564630009626 -7.41788834291033 -60.2210249237023 -23.2657625284831 -30.5114820624349 -12.2927658904226 -11.5824481229272 -48.8718271834815 -6.13314531623945 -6.11340590819086 -1.17427929720504e-08 -8.51381754387835 0.01469739922576 -45.7981415396499 -3.06562539553073 -1.13567026829991 -0.9425029033668 -1.25480783908486 1.98507178261714e-06 -0.535864115423961 -0.806279345432738 
<Y_w>
1.01688760556303e-11 7.91754153920434e-06 0.00090460817600134 0.00362928090057576 0 4.77095766891965e-19 4.58799347337553e-26 2.24167283994548e-08 5.2722897565466e-09 0 0.0124851917012415 0.000778293891207379 999.99998219468 0 0 0 0 0 0 0 585.415110444497 0 0 
<Fx>
-183.580443499516 -311.737625147064 -375.816215970838 -439.894806794613 -4437.06067185448 -495.31806864658 -807.055693793645 -247.65903432329 -22.8797261916091 -110.551059500181 -64.0785908237741 -14.0766651179252 -78.1552559416994 -22.8797261916091 -78.1552559416994 -110.551059500181 -517.166664116579 -375.816215970838 -375.816215970838 -375.816215970838 -297.660960029139 -297.660960029139 -297.660960029139 
<Wx>
6.78947642368698e-18 2.3384248144316e-12 2.08921478609728e-10 6.88152693922083e-10 0 9.76937612761811e-26 5.54813834112961e-33 9.18043992348073e-15 4.71173938062379e-14 0 1.32251162441883e-08 1.39109121320477e-08 0.999999971964503 2.96131794157649e-09 0.999999997038682 0 0 0 0 0 1 0 0 
<VL>
-39.5311578452089 -26.7815435694561 -22.2890626349887 -21.0970103637797 -54.7552246294886 -57.5879598097538 -74.2718456313464 -32.3217012694787 -30.6861341668118 -54.7552246294886 -18.14114806951 -18.0905922593257 -2.80354975390229e-08 -19.6376314171725 -2.96131797300413e-09 -54.7552246294886 0 0 0 0 0 0 0 
<Gamma>
1.0000000280355 1.0000000280355 1.0000000280355 1.0000000280355 1.0000000280355 1.0000000280355 1.0000000280355 1.0000000280355 1.0000000280355 1.0000000280355 1.0000000280355 1.0000000280355 0.999999999999999 1 1 1 1 1 1 1 1 1 1 
<lnGmf>
0 0 0 0 0 0 0 0 0 0 0 0 0 0 0 0 0 0 0 0 0 0 0 
<BF>
4.98827196777983e-08 110.921749719597 55.46087493462 -1.41263869083945e-22 0 3.29074266547632e-06 1.64537132786569e-06 0 
<BFC>
0.0980776276011822 0.0980776276011822 0.196155255202364 0 
<XFA>
55.4608740134604 0 
<YFA>
55.4608738051667 0 
<PUL>
1000000 1000000 
<PLL>
0 0 
<Y_m>
3.76883271905134e-16 1.29805767068051e-10 1.15972139110742e-08 3.81992988370739e-08 0 5.42297256766845e-24 3.07976698128329e-31 5.09605457030371e-13 2.6154826135613e-12 0 7.34125103380021e-07 7.72193576108463e-07 55.50837344 0 0 0 0 0 0 0 0.0981617350890204 0 0 
<IC_m>
4.99268284975564e-08 1.69417286867482e-06 9.21974061601132e-07 -1.05879118406788e-22 
<IC_lm>
-7.30166600557546 -5.77104226554384 -6.03528128446564 0 
<IC_wm>
1.347100730356e-06 1.70755680328748e-06 1.47506623761087e-05 0 
<Aalp>
0 0 0 0 0 0 0 0 0 
<Xr0h0>
0 0 0 0 0 0 0 0 0 0 0 0 0 0 0 0 0 0 
<Sigw>
0 0 0 0 0 0 0 0 0 
<Sigg>
0 0 0 0 0 0 0 0 0 
<EZ>
3 1 0 -1 7 4 5 2 0 0 -1 1 0 0 0 0 0 0 0 0 0 0 0 
<Xcond>
0 0 0 0 0 0 0 0 0 
<Xeps>
0 0 0 0 0 0 0 0 0 
<Fug>
3.06324997310457e-09 1.03442116802984 0 
<Fug_l>
-8.51381752431856 0.0146973991479205 -45.7981414342398 
<Ppg_l>
-8.51381752431856 0.0146973991479205 -45.7981414342398 
<sMod>
'SNNSNNNN' 'INNINNNN' 
<LsMod>
0 2 2 0 0 0 
<IPxPH>

<PMc>

<LsMdc>
0 0 0 0 0 0 
<DMc>

<MoiSN>

<SitFr>

<LsMdc2>
0 0 0 0 0 0 
<DQFc>

<LsPhl>
0 0 0 0 0 0 0 0 0 0 0 0 0 0 0 0 0 0 
<PhLin>

<lPhc>

<lnDQFt>
0 0 0 0 0 0 0 0 0 0 0 0 0 0 0 0 
<lnRcpt>
0 0 0 0 0 0 0 0 0 0 0 0 0 0 0 0 
<lnExet>
0 0 0 0 0 0 0 0 0 0 0 0 0 0 0 0 
<lnCnft>
0 0 0 0 0 0 0 0 0 0 0 0 0 0 0 0 
<SorMc>
0 0 0 0 0 0 0 0 0 0 0 0 0 0 0 0 
0 0 0 0 0 0 0 0 0 0 0 0 0 0 0 0 
<LsISmo>
0 0 0 0 0 0 0 0 
<xSMd>

<IsoPc>

<IsoSc>

<IsoCt>

<LsESmo>
0 0 0 0 0 0 0 0 
<EImc>

<mCDc>

<lnScalT>
0 0 0 0 0 0 0 0 0 0 0 0 0 0 0 0 
<lnSACT>
0 0 0 0 0 0 0 0 0 0 0 0 0 0 0 0 
<lnGammF>
0 0 0 0 0 0 0 0 0 0 0 0 0 0 0 0 
<CTerms>
0 0 0 0 0 0 0 0 0 0 0 0 0 0 0 0 
<kMod>
'NNNNNN' 'NNNNNN' 'NNNNNN' 'NNNNNN' 'NNNNNN' 'NNNNNN' 'NNNNNN' 'NNNNNN' 'NNNNNN' 
<LsKin>
0 0 0 0 0 0 0 0 0 0 0 0 0 0 0 0 0 0 0 0 0 0 0 0 0 0 0 0 0 0 0 0 0 0 0 0 0 0 0 0 
0 0 0 0 0 0 0 0 0 0 0 0 0 0 
<xSKrC>

<ocPRkC>

<feSArC>

<rpConC>

<apConC>

<AscpC>

<LsUpt>
0 0 0 0 
<UMpcC>

<PfFact>
1 1 1 1 1 1 1 1 1 
<PrT>
0 0 0 0 0 0 0 0 0 
<PkT>
0 0 0 0 0 0 0 0 0 
<PvT>
0 0 0 0 0 0 0 0 0 
<emRd>
0 0 0 0 0 0 0 0 0 0 0 0 0 0 0 0 
<emDf>
0 0 0 0 0 0 0 0 0 0 0 0 0 0 0 0 
<Wb>
0 0 0 0 0 0 0 0 0 0 0 0 0 0 0 0 
<Wabs>
0 0 0 0 0 0 0 0 0 0 0 0 0 0 0 0 
<Rion>
0 0 0 0 0 0 0 0 0 0 0 0 0 0 0 0 
<Qp>
0 0 0 0 0 0 0 0 0 0 0 0 0 0 0 0 0 0 0 0 0 0 0 0 0 0 0 0 0 0 0 0 0 0 0 0 0 0 0 0 
0 0 0 0 0 0 0 0 0 0 0 0 0 0 0 0 0 0 0 0 0 0 0 0 0 0 0 0 0 0 0 0 0 0 0 0 0 0 0 0 
0 0 0 0 0 0 0 0 0 0 0 0 0 0 0 0 0 0 0 0 0 0 0 0 0 0 0 0 0 0 0 0 0 0 0 0 0 0 0 0 
0 0 0 0 0 0 0 0 0 0 0 0 0 0 0 0 0 0 0 0 0 0 0 0 0 0 0 0 0 0 0 0 0 0 0 0 0 0 0 0 
0 0 0 0 0 0 0 0 0 0 0 0 0 0 0 0 0 0 0 0 0 0 0 0 0 0 0 0 0 0 0 0 0 0 0 0 0 0 0 0 
0 0 0 0 0 0 0 0 0 0 0 0 0 0 0 0 0 0 0 0 0 0 0 0 0 0 0 0 0 0 0 0 0 0 0 0 0 0 0 0 
0 0 0 0 0 0 0 0 0 0 0 0 0 0 0 0 0 0 0 0 0 0 0 0 0 0 0 0 0 0 0 0 0 0 0 0 0 0 0 0 
0 0 0 0 0 0 0 0 0 0 0 0 0 0 0 0 0 0 0 0 0 0 0 0 0 0 0 0 0 0 0 0 0 0 0 0 0 0 0 0 
0 0 0 0 0 0 0 0 0 0 0 0 0 0 0 0 0 0 0 0 0 0 0 0 0 0 0 0 0 0 0 0 0 0 0 0 0 0 0 0 
<Qd>
0 0 0 0 0 0 0 0 0 0 0 0 0 0 0 0 0 0 0 0 0 0 0 0 0 0 0 0 0 0 0 0 0 0 0 0 0 0 0 0 
0 0 0 0 0 0 0 0 0 0 0 0 0 0 0 0 0 0 0 0 0 0 0 0 0 0 0 0 0 0 0 0 0 0 0 0 0 0 0 0 
0 0 0 0 0 0 0 0 0 0 0 0 0 0 0 0 0 0 0 0 0 0 0 0 0 0 0 0 0 0 0 0 0 0 0 0 0 0 0 0 
<H0>
-549221.608589477 -998598.010233313 -1254319.21105523 -1489173.41187715 -14847063.3379646 -1575029.61882279 -2621737.6290561 -773354.809411395 9110.7477645874 5377.55857650074 -238026.139404569 0 -280093.200821918 2205.19505881064 -239268.220786168 2250.83911677227 -1669111.95017994 -1285455.22304371 -1267448.5144184 -1283459.33890918 -996286.04150251 -991019.91269876 -975487.064788113 
<A0>
0 0 0 0 0 0 0 0 0 0 0 0 0 0 0 0 0 0 0 0 0 0 0 
<U0>
0 0 0 0 0 0 0 0 0 0 0 0 0 0 0 0 0 0 0 0 0 0 0 
<S0>
-370.467269356967 -28.2039536083086 44.3344196590868 145.204168048553 267.606812056712 -432.249622623478 -538.47680010874 -190.912546297091 96.9749226697307 161.386905995148 -34.9396825938321 0 87.0865147468876 137.2670351099 196.475643045389 211.874508796029 70.5425483858918 91.2919616420754 143.127257903995 94.3556931289899 50.2146715903449 54.0304997423639 90.3684646703546 
<Cp0>
-142.104668591529 9.89097258369804 85.8887931713117 161.886613758925 584.569567113757 -132.213696007831 -122.322723424133 -66.1068480039156 173.022996902466 230.455644074397 -105.940401754588 0 75.9978205876137 29.1371553828172 33.8334054128077 29.8871286196461 93.0554888908591 109.67721395791 93.7950178328493 55.4950147810915 47.0209736518133 47.890972583698 70.6909718207586 
<VPh>
0 0 0 0 0 0 0 0 0 0 
<GPh>
0 -0.00182374735325229 0 0 0 0 -0.000117856985374874 0 0 0 
<HPh>
0 0 0 0 0 0 0 0 0 0 
<SPh>
0 4.87437485835172e-06 0 0 0 0 3.14999292729851e-07 0 0 0 
<CPh>
0 0 0 0 0 0 0 0 0 0 
<APh>
0 -0.00182374735325229 0 0 0 0 -0.000117856985374874 0 0 0 
<UPh>
0 0 0 0 0 0 0 0 0 0 