
Solvus    G  series1     0001 0       500     400     0   

<Short_PARAM>
2 2 -5 1 130 1 0 13000 1 7000 
<Double_PARAM>
1000 1e-13 1e-20 4e-05 0.01 0.01 1e-05 1e-05 1e-05 1e-05 1e-05 1e-05 1e-06 1e-17 1 0 1 1000 0.001 12.05 1e-13 1e-13 1e-33 1e-20 1e-05 1e-10 0.001 1e-10 
<Short_Const>
9 9 60 42 35 0 0 0 21 3 0 5 3 0 81 1 2 1 1 0 0 0 0 2 1 2 0 0 0 1 81 0 0 0 0 0 1 0 0 
<Double_Const>
400 400 673.15 673.15 500 500 0 49.3869647066202 -1387442.32096248 0 0 0 0 0 0 0 0 0 0 0 
0 0 0 0 0 0 0.095789528986145 -247.894235284291 0.144601945558684 5.14732918802619 -2.87944316154874 -0.383826098220443 1e-13 1e-20 55.50837344 0 3.99999589717481e-05 4e-05 6.21460809842219 5596.9124065 
17.2390243034617 0.555080801143294 4.01653388216503 0.0206245407516799 1.66e-24 -0.588641588186981 -1.81769463684515 0 85.180086316337 0 0 1 1 
<Add_Double_Const>
1e-13 1e-13 1e-33 1e-20 1e-05 1e-05 1e-05 1e-05 1e-05 1e-05 1e-06 1 
<EpsW>
12.2630928233121 -0.109834958358815 -0.000165819390393567 0.0129109578062983 0 
<EpsWg>
12.2630928333529 -0.109834958217768 -0.000165819387514881 0.0129109577680876 0 
<DenW>
0.577991203938277 -0.00282639549712378 -2.66530537457313e-05 0.000411925579847386 0 
<DenWg>
0.577991204258629 -0.00282639549109626 -2.66530535870405e-05 0.000411925578483688 0 
Error Code 
Error Message
<L1>
36 3 3 1 1 1 1 1 1 1 1 1 1 1 1 1 1 1 1 1 1 
<muk>
0 1 2 3 4 5 7 9 10 11 12 13 14 15 17 18 19 20 21 22 23 
<mui>
0 1 2 3 4 5 6 7 8 
<muj>
0 1 2 3 4 5 6 7 8 9 10 11 12 13 14 15 16 17 18 19 20 21 22 23 24 25 26 27 28 29 30 31 32 33 34 35 36 37 38 39 
40 41 42 43 44 46 48 49 50 51 52 53 54 56 57 58 59 60 61 62 
<DUL>
1000000 1000000 1000000 1000000 1000000 1000000 1000000 1000000 1000000 1000000 1000000 1000000 1000000 1000000 1000000 1000000 1000000 1000000 1000000 1000000 1000000 1000000 1000000 1000000 1000000 1000000 1000000 1000000 1000000 1000000 1000000 1000000 1000000 1000000 1000000 1000000 1000000 1000000 1000000 1000000 
1000000 1000000 1000000 1000000 1000000 1000000 1000000 1000000 1000000 1000000 1000000 1000000 1000000 1000000 1000000 1000000 1000000 1000000 1000000 1000000 
<DLL>
0 0 0 0 0 0 0 0 0 0 0 0 0 0 0 0 0 0 0 0 0 0 0 0 0 0 0 0 0 0 0 0 0 0 0 0 0 0 0 0 
0 0 0 0 0 0 0 0 0 0 0 0 0 0 0 0 0 0 0 0 
<Vol>
-285.766012206448 29.7748067950671 -386.35645617081 -1672.01981593256 -940.621522503403 -705.736025403141 -255.966239312319 48.9953699214242 -327.78644810367 -233.944169472753 -85.8839498987396 51.7446856524092 54.6948198329714 28.2764486776203 -170.307983086851 56.5314700313038 40.2950583072279 28.9363020766455 16.792988120537 -702.90556521368 -35.068983424635 -663.350412985774 93.0237009571521 -523.474116753637 168.694330139116 -396.842820571131 -352.004164446705 -635.263428297151 47.1343353823106 102.49971070309 173.81678787308 100.12729722517 -701.521861134173 -817.627093756841 0 31.1688147293263 101.32187482655 101.311541033942 109.634493307496 101.32187482655 
101.311541033942 109.634493307496 98.2511231864014 51.9360060661386 20.7038768194301 26.1195517606584 28.4215908233738 60.941844123644 61.0460657392688 100.278285099932 44.4844001885621 90.525606705678 55.5145565219996 23.1623790411208 50.1424316067025 14.0781940532671 39.2650122657552 53.8028309830979 27.0081361566848 40.2731851592315 
<Pparc>
500 500 500 500 500 500 500 500 500 500 500 500 500 500 500 500 500 500 500 500 500 500 500 500 500 500 500 500 500 500 500 500 500 500 500 500 500 500 500 500 
500 500 500 500 500 500 500 500 500 500 500 500 500 500 500 500 500 500 500 500 
<MM>
60.996200799942 78.0035508871078 95.0109009742737 26.9815006256104 43.9888507127762 40.0779991149902 75.5309982299805 110.983997344971 117.169650197029 57.0853492021561 39.0983009338379 98.0786018371582 74.5513000488281 56.1056510210037 22.9897994995117 118.000700473785 58.442798614502 100.081450581551 39.9971495866776 77.0916510820389 60.084300994873 51.4523992538452 52.4603492021561 67.4517993927002 68.459749341011 83.4511995315552 99.4505996704102 35.4529991149902 36.4609490633011 2.0158998966217 31.99880027771 34.0147001743317 33.0067502260208 17.0073500871658 1.00794994831085 18.0153000354767 262.223003387451 278.207202911377 278.331504821777 262.223003387451 
278.207202911377 278.331504821777 220.154002428055 162.045502662659 60.084300994873 60.084300994873 58.442798614502 202.138702392578 158.162902832031 258.160403728485 162.045502662659 218.247203826904 142.054401397705 60.084300994873 162.045502662659 60.084300994873 74.5513000488281 180.060802698135 60.084300994873 116.161700248718 
<Awt>
26.9815006256104 40.0779991149902 35.4529991149902 1.00794994831085 39.0983009338379 22.9897994995117 15.999400138855 28.0855007171631 0 
<A>
1 0 0 2 0 0 2 0 1 1 0 0 3 0 0 3 0 0 1 0 0 4 0 0 4 0 -1 1 0 0 0 0 0 0 0 3 1 0 0 1 
0 0 1 0 2 0 1 0 0 0 0 0 0 2 0 1 1 0 0 0 0 0 1 0 1 2 0 0 0 0 0 0 0 1 0 1 0 0 3 1 
1 0 1 0 1 0 0 1 0 1 0 0 0 0 1 0 0 0 1 1 0 0 0 1 0 2 0 0 0 0 1 0 1 0 0 0 0 0 0 0 
1 1 0 1 0 0 0 0 0 0 0 1 0 0 1 1 0 0 4 0 1 4 0 0 0 0 1 0 0 1 0 0 0 0 0 0 1 0 1 3 
1 0 0 0 0 1 0 1 1 0 0 0 0 0 1 0 0 3 1 -1 0 0 0 0 0 0 2 1 0 0 0 1 0 0 0 1 0 -1 0 0 
1 1 0 0 1 0 0 0 0 1 0 0 0 2 0 -1 0 0 1 1 0 0 2 0 0 0 0 1 0 0 0 3 0 -1 0 0 1 0 0 0 
4 0 -1 0 0 1 0 0 0 0 0 -1 0 0 1 1 0 0 0 0 0 0 0 0 2 0 0 0 0 0 0 0 0 0 0 0 2 0 0 0 
0 0 2 0 0 2 0 0 0 0 0 1 0 0 2 0 -1 0 0 0 1 0 0 1 0 -1 0 0 0 1 0 0 0 0 1 0 0 0 2 0 
0 1 0 0 1 0 0 0 0 1 8 3 0 2 1 0 0 0 0 8 2 0 1 0 0 0 1 0 8 3 0 1 0 0 0 0 1 8 3 0 
2 1 0 0 0 0 8 2 0 1 0 0 0 1 0 8 3 0 1 0 0 2 0 1 7 2 0 2 0 0 0 0 0 5 1 0 0 0 0 0 
0 0 2 1 0 0 0 0 0 0 0 2 1 0 0 0 1 0 0 1 0 0 0 1 0 0 0 0 1 6 2 0 1 0 0 0 1 0 4 1 
0 2 0 0 4 0 0 9 2 0 2 0 0 0 0 0 5 1 0 1 0 0 0 1 0 6 2 0 1 0 0 0 0 1 4 1 0 0 0 0 
0 0 0 2 1 0 2 0 0 0 0 0 5 1 0 0 0 0 0 0 0 2 1 0 0 0 1 0 1 0 0 0 0 2 0 0 2 0 0 6 
1 0 0 0 0 0 0 0 2 1 0 0 1 0 0 0 0 3 1 0 
<XFs>
0.566770175729463 0.0931744471929763 0.162399710020347 0 0.0194255837448219 0 0 0 0 0 0 0 0 0 0.226735202292319 0 0 0 0 0 0 
<Falps>
3.52220414150266e-10 3.08413255440413e-07 -1.76885047211495e-07 -0.719052139407791 2.12012561799463e-09 -0.448768257254383 -0.129067256567927 -1.6730326124506 -1.50211075429401 -2.29415639516025 -0.959595796183924 -0.120903234849605 -1.35038694036192 -1.51961503423079 1.05511311143631e-10 -0.0876345584048592 -3.59067171335983 -2.521570913057 -1.28069500386398 -0.099063499385681 -8.72425774391345 
<G>
-156.039303767973 -199.27541841233 -239.486316078502 -61.4343819327582 -108.541100554222 -91.7966114680089 -121.157164543376 -145.86159558546 -280.01086413782 -126.521742391494 -54.2857371893569 -203.781164276087 -78.7033496626168 -79.9878792582614 -48.652915794456 -296.00186628932 -74.4905975204022 -231.728870112423 -73.9721451939374 -174.885514850192 -149.305595661076 -0.951429742246101 -21.2990574722562 3.64061272754759 -11.0124973986265 -5.95532732634991 -8.46937667255206 -17.9546816856353 -24.0584068716687 -1.14186117345811 -6.63824384640927 -31.1636331355845 -4.14324975855209 -18.0720141727236 2.99042130062853 -49.2428159283284 -681.78118699353 -729.877509019781 -690.765999493778 -683.923286583059 
-735.475760799616 -687.156672885659 -574.308665571895 -446.454522303287 -156.213966081767 -156.950104841692 -74.8542625918671 -523.241516019767 -371.110630952591 -700.02044541111 -446.176132311568 -530.531033618223 -365.953917742361 -157.247293183519 -446.252736270172 -148.979466005084 -79.8405915515162 -492.769703522517 -157.019191045857 -284.960995328881 
<G0>
-155.013191186437 -199.264566963682 -238.460203496966 -52.2861802881108 -104.469204574019 -87.7247154878058 -120.131051961839 -145.850744136812 -278.984751556283 -125.495629809958 -53.2596246078204 -203.77031282744 -78.6924982139691 -79.9770278096138 -47.6268032129195 -295.991014840672 -74.4797460717546 -231.718018663775 -73.9612937452897 -173.859402268656 -149.294744212428 0.0746828392903924 -21.2882060236086 4.66672530908408 -11.0016459499788 -4.92921474481342 -7.44326409101556 -16.9285691040988 -24.0475554230211 -1.13100972481049 -6.62739239776165 -31.1527816869369 -3.11713717701559 -17.0459015911871 4.01653388216503 -49.2440841737175 -683.926693202287 -736.249360469905 -690.789108118911 -683.926693202287 
-736.249360469905 -690.789108118911 -574.308665571895 -446.454522303287 -156.213966081767 -156.950104841692 -74.8542625918671 -523.241516019767 -371.110630952591 -700.02044541111 -446.176132311568 -530.531033618223 -365.953917742361 -157.247293183519 -446.252736270172 -148.979466005084 -79.8405915515162 -492.769703522517 -157.019191045857 -284.960995328881 
<lnGam>
-1.02611258153649 -0.010851448647624 -1.02611258153649 -9.14820164464745 -4.0718959802031 -4.0718959802031 -1.02611258153649 -0.010851448647624 -1.02611258153649 -1.02611258153649 -1.02611258153649 -0.010851448647624 -0.010851448647624 -0.010851448647624 -1.02611258153649 -0.010851448647624 -0.010851448647624 -0.010851448647624 -0.010851448647624 -1.02611258153649 -0.010851448647624 -1.02611258153649 -0.010851448647624 -1.02611258153649 -0.010851448647624 -1.02611258153649 -1.02611258153649 -1.02611258153649 -0.010851448647624 -0.010851448647624 -0.010851448647624 -0.010851448647624 -1.02611258153649 -1.02611258153649 -1.02611258153649 0.00126824538911337 2.14550620875745 6.37185145012338 0.0231086251328522 0.00340661922803326 
0.773599670288279 3.63243523325172 0 0 0 0 0 0 0 0 0 0 0 0 0 0 0 0 0 0 
<lnGmo>
-1.04673712228817 -0.0314759893993038 -1.04673712228817 -9.16882618539913 -4.09252052095478 -4.09252052095478 -1.04673712228817 -0.0314759893993038 -1.04673712228817 -1.04673712228817 -1.04673712228817 -0.0314759893993038 -0.0314759893993038 -0.0314759893993038 -1.04673712228817 -0.0314759893993038 -0.0314759893993038 -0.0314759893993038 -0.0314759893993038 -1.04673712228817 -0.0314759893993038 -1.04673712228817 -0.0314759893993038 -1.04673712228817 -0.0314759893993038 -1.04673712228817 -1.04673712228817 -1.04673712228817 -0.0314759893993038 -0.0314759893993038 -0.0314759893993038 -0.0314759893993038 -1.04673712228817 -1.04673712228817 -1.04673712228817 0.00170257491738653 2.14550620875745 6.37185145012338 0.0231086251328522 0.00340661922803326 
0.773599670288279 3.63243523325172 0 0 0 0 0 0 0 0 0 0 0 0 0 0 0 0 0 0 
<B>
0.29442571790996 1.78324960377229e-08 0.01 1.11026667785195 0.0872223855045395 0.178347345796736 3.15066041476453 1.01307661056411 0 
<U>
-86.3734805734593 -108.981958693169 -30.5145542810615 -5.22200056603438 -55.1321688778478 -48.1920082723294 -38.820089322737 -79.6071145378021 -6.63016291369529 
<Uc>
0 0 0 0 0 0 0 0 0 0 0 0 0 0 0 0 0 0 
<Uefd>
0 0 0 0 0 0 0 0 0 
<U_r>
-483424.805014181 -609962.476694466 -170787.287434491 -29227.0797547879 -308569.919989679 -269726.448993551 -217272.639551865 -445554.047002291 -37108.4410687773 
<C>
5.55111512312578e-17 0 3.72694496791892e-20 4.44089209850063e-16 -2.03830008427275e-17 0 -1.4432899320127e-15 -1.66533453693773e-16 4.64279934213763e-20 
<XF>
0.566770175729463 0.0931744471929763 0.162399710020347 0 0.0194255837448219 0 0 0 0 0 0 0 0 0 0.226735202292319 0 0 0 0 0 0 
<YF>
0.566770175729463 0.0931744471929763 0.162399710020347 0 0.0194255837448219 0 0 0 0 0 0 0 0 0 0.226735202292319 0 0 0 0 0 0 
<Falp>
3.52220414150266e-10 3.08413255440413e-07 -1.76885047211495e-07 -0.719052139407791 2.12012561799463e-09 -0.448768257254383 -0.129067256567927 -1.6730326124506 -1.50211075429401 -2.29415639516025 -0.959595796183924 -0.120903234849605 -1.35038694036192 -1.51961503423079 1.05511311143631e-10 -0.0876345584048592 -3.59067171335983 -2.521570913057 -1.28069500386398 -0.099063499385681 -8.72425774391345 
<X>
7.19391365245147e-12 2.43432107081441e-09 3.99903391229137e-08 1.84567548984464e-20 2.99606111330312e-16 3.25844585854014e-14 7.78534606395568e-12 1.76773377652008e-11 5.17603414489991e-17 2.2189639655986e-15 0.000307861647889339 1.15507644151573e-07 0.000524723851949059 2.52848680587739e-09 0.00113795546302804 2.17460495364012e-07 0.00802469845599257 1.06066173052496e-08 6.37284723310088e-09 1.40536032432615e-09 0.000193358682023004 8.2487794462799e-28 4.03574051545726e-24 0 0 0 0 0.00144596825286824 4.60939605010525e-06 4.96056377432629e-05 7.93689462721313e-32 1.03542770726081e-25 2.67698096128582e-32 2.16860962021513e-09 1.94691212635272e-07 0.555080801143294 0.0106771728566369 3.77647194981718e-11 0.0824972742985747 0.158507284581118 
1.77692337792127e-08 0.00389240766999543 0 0.0194255837448219 0 0 0 0 0 0 0 0 0 0.226735202292319 0 0 0 0 0 0 
<Y>
7.19391365245147e-12 2.43432107081441e-09 3.99903391229137e-08 1.84567548984464e-20 2.99606111330312e-16 3.25844585854014e-14 7.78534606395568e-12 1.76773377652008e-11 5.17603414489991e-17 2.2189639655986e-15 0.000307861647889339 1.15507644151573e-07 0.000524723851949059 2.52848680587739e-09 0.00113795546302804 2.17460495364012e-07 0.00802469845599257 1.06066173052496e-08 6.37284723310088e-09 1.40536032432615e-09 0.000193358682023004 8.2487794462799e-28 4.03574051545726e-24 0 0 0 0 0.00144596825286824 4.60939605010525e-06 4.96056377432629e-05 7.93689462721313e-32 1.03542770726081e-25 2.67698096128582e-32 2.16860962021513e-09 1.94691212635272e-07 0.555080801143294 0.0106771728566369 3.77647194981718e-11 0.0824972742985747 0.158507284581118 
1.77692337792127e-08 0.00389240766999543 0 0.0194255837448219 0 0 0 0 0 0 0 0 0 0.226735202292319 0 0 0 0 0 0 
<XY>
0 0 0 0 0 0 0 0 0 0 0 0 0 0 0 0 0 0 0 0 0 0 0 0 0 0 0 0 0 0 0 0 0 0 0 0 0 0 0 0 
0 0 0 0 0 0 0 0 0 0 0 0 0 0 0 0 0 0 0 0 
<XU>
0 0 0 0 0 0 0 0 0 0 0 0 0 0 0 0 0 0 0 0 0 0 0 0 0 0 0 0 0 0 0 0 0 0 0 0 0 0 0 0 
0 0 0 0 0 0 0 0 0 0 0 0 0 0 0 0 0 0 0 0 
<MU>
0 0 0 0 0 0 0 0 0 0 0 0 0 0 0 0 0 0 0 0 0 0 0 0 0 0 0 0 0 0 0 0 0 0 0 0 0 0 0 0 
0 0 0 0 0 0 0 0 0 0 0 0 0 0 0 0 0 0 0 0 
<EMU>
1.26928256617144e-11 4.2950762196283e-09 7.05583472996354e-08 3.25648971977915e-20 5.28620758378741e-16 5.74915894121318e-14 1.37363427687437e-11 3.11896013199227e-11 9.13251726803816e-17 3.91510681922525e-15 0.000543185686404554 2.03799628952376e-07 0.000925813053381452 4.4612170965892e-09 0.00200779108344943 3.83683889048954e-07 0.0141586466300446 1.8714149469083e-08 1.12441518697483e-08 2.47959644697595e-09 0.000341158883993228 1.45540170050193e-27 7.1205922054027e-24 2.03860756754134e-46 3.35559316600908e-45 4.1442590317291e-59 7.07838374787317e-75 0.00255124343948969 8.13273974477392e-06 8.75233723834381e-05 1.40037279485053e-31 1.82689180041997e-25 4.72322505376536e-32 3.82626192862582e-09 3.43510040596341e-07 0.979375459292087 0.114593975313649 4.05315862202311e-10 0.885406734429051 0.97603146145804 
1.0941666077435e-07 0.0239680218325094 0.190962398408825 1.00000000488177 0.355821136708889 0.742904079912088 0.02123085027312 0.0314694567394131 0.00507976480601054 0.109749917844912 0.757001543740493 0.0446285790788345 0.030226298420497 1.00000000024295 0.81726978223633 0.000256642328317519 0.00300904780135908 0.0523968279617195 0.796042950287905 1.88687120152533e-09 
<NMU>
-25.0899841906114 -19.2657965355377 -16.4668258481464 -44.8710520177128 -35.176260402008 -30.4871377288994 -25.0109760386011 -24.190936367695 -36.9321052103796 -33.173933781236 -7.51805933257405 -15.4061285368053 -6.98483822989699 -19.2278442165307 -6.21072012467227 -14.7734468289802 -4.25742977225858 -17.7939859431051 -18.3034176772566 -19.8151700130039 -7.98316225373097 -61.7945155655004 -53.2990513349759 -105.206647267854 -102.405700629337 -134.430796475988 -170.736836377107 -5.97117441533213 -11.7196126991965 -9.34360468731544 -71.0433993996049 -56.9620112717487 -72.1302311354346 -19.3813775080976 -14.8840494954453 -0.0208401969074828 -2.16636004751755 -21.6263544461188 -0.12170815262645 -0.0242604579881334 
-16.0281026662837 -3.73103476074531 -1.65567873728586 4.88176964326922e-09 -1.03332709936286 -0.297188340966946 -3.85229995352163 -3.45873783086343 -5.28249031649296 -2.20955097559286 -0.278389986259458 -3.10938083865119 -3.49904292490945 2.42948772181581e-10 -0.201786027814145 -8.26782716101774 -5.80613159533244 -2.94890922456915 -0.228102136945294 -20.088345828573 
<W>
5.17523936389277e-23 5.92591907581101e-18 1.59922722316565e-15 3.40651801381326e-40 8.97638219464712e-32 1.06174694130374e-27 6.06116133355501e-23 3.12488270464993e-22 2.67913294691697e-33 4.92380108062505e-30 9.47787942411397e-08 1.33420158574465e-14 2.75335120804258e-07 6.39324552749603e-18 1.29494263583536e-06 4.72890670439614e-14 6.43957853096095e-05 1.12500330660021e-16 4.06131818564416e-17 1.97503764119011e-18 3.73875799136731e-08 6.80423623533697e-55 1.62872015081032e-47 0 0 0 0 2.09082418830284e-06 2.12465319467259e-11 2.46071929591583e-09 6.29942963234846e-63 1.07211053696337e-50 7.16622706708676e-64 4.70286768488961e-18 3.79046682773928e-14 0.308114695797881 0.000114002020210504 1.4261740387756e-21 0.00680580026669427 0.0251245592652796 
3.15745669100313e-16 1.51508374694392e-05 0 0.000377353303827089 0 0 0 0 0 0 0 0 0 0.0514088519585386 0 0 0 0 0 0 
<F>
-181.087823412479 -218.499750223702 -255.911677883494 -106.263972334056 -143.675897449442 -122.24228628979 -146.126676273408 -170.01106710547 -316.90150543583 -159.654212252675 -61.7623311314918 -219.145827273193 -85.6467219637229 -99.1742579429069 -54.8221717457404 -310.733848793806 -78.7065625777129 -249.481391740011 -92.2340985568557 -194.659220829699 -157.247293169912 -62.7044809736447 -74.5566437672533 0 0 0 0 -23.8843916673227 -35.7365544609221 -10.4440011110334 -77.6401785994075 -88.0841797464111 -76.2320169528689 -37.4119276465443 -11.8521636288636 -49.2640904548089 -683.947552421189 -751.503873048901 -690.887707752138 -683.947546673432 
-751.503863477264 -690.887705623327 0 -446.454522303287 0 0 0 0 0 0 0 0 0 -157.247293183519 0 0 0 0 0 0 
<F0>
-1.02611258153649 -0.010851448647624 -1.02611258153649 -9.14820164464745 -4.0718959802031 -4.0718959802031 -1.02611258153649 -0.010851448647624 -1.02611258153649 -1.02611258153649 -1.02611258153649 -0.010851448647624 -0.010851448647624 -0.010851448647624 -1.02611258153649 -0.010851448647624 -0.010851448647624 -0.010851448647624 -0.010851448647624 -1.02611258153649 -0.010851448647624 -1.02611258153649 -0.010851448647624 -1.02611258153649 -0.010851448647624 -1.02611258153649 -1.02611258153649 -1.02611258153649 -0.010851448647624 -0.010851448647624 -0.010851448647624 -0.010851448647624 -1.02611258153649 -1.02611258153649 -1.02611258153649 0.00126824538911337 2.14550620875745 6.37185145012338 0.0231086251328522 0.00340661922803326 
0.773599670288279 3.63243523325172 0 0 0 0 0 0 0 0 0 0 0 0 0 0 0 0 0 0 
<YOF>
0 0 0 0 0 0 0 0 0 0 0 0 0 0 0 0 0 0 0 0 0 
<lnGmM>
0 0 0 0 0 0 0 0 0 0 0 0 0 0 0 0 0 0 0 0 0 0 0 0 0 0 0 0 0 0 0 0 0 0 0 0 0 0 0 0 
0 0 0 0 0 0 0 0 0 0 0 0 0 0 0 0 0 0 0 0 
<fDQF>
0 0 0 0 0 0 0 0 0 0 0 0 0 0 0 0 0 0 0 0 0 0 0 0 0 0 0 0 0 0 0 0 0 0 0 0 0 0 0 0 
0 0 0 0 0 0 0 0 0 0 0 0 0 0 0 0 0 0 0 0 
<FVOL>
16.5129735411705 10.1263780424813 16.4869991902991 0 1.00888723520935 0 0 0 0 0 0 0 0 0 5.25172669745989 0 0 0 0 0 0 
<FWGT>
10.609442669808 25.761390843878 42.6476408493487 0 3.14782848244524 0 0 0 0 0 0 0 0 0 13.6232261406651 0 0 0 0 0 0 
<Y_la>
-9.57971030879031 -6.60937544092596 -5.83472022408947 -21.6978973738589 -15.2828913334506 -13.2464312315574 -9.54539750434695 -8.74833649262828 -14.7226781216929 -13.0905250079736 -1.94832030654585 -4.93314292710226 -1.2758230163161 -6.59289295820582 -1.38055010257981 -4.65837275259339 -0.0913245732705396 -5.97017622222738 -6.1914196132752 -7.28888761839627 -1.70938963101752 -25.5202857457082 -21.3898302014911 -44.3739349916489 -42.7165770147352 -57.065821731026 -72.8333345198005 -1.27651672285006 -3.33210944138395 -2.30022227286876 -29.0961026509102 -22.9806334894601 -30.0090299842405 -7.10049392722497 -5.14732918802619 -0.00868861746194004 -0.0090567070999883 -6.62494647532031 -0.0428212307086267 -0.0090567070999883 
-6.62494647532031 -0.0428212307086267 -0.719052139405932 2.12012561876014e-09 -0.448768257253222 -0.129067256567593 -1.67303261244627 -1.50211075429013 -2.29415639515432 -0.959595796181443 -0.120903234849292 -1.35038694035842 -1.51961503422686 1.05511310937004e-10 -0.0876345584046325 -3.59067171335055 -2.52157091305048 -1.28069500386067 -0.0990634993854248 -8.72425774389089 
<Y_w>
4.1359514852849e-05 0.0178978004248235 0.358126083394307 4.69384640963596e-14 1.24222628031629e-09 1.23090339708842e-07 5.54256220687097e-05 0.000184920326982142 5.71636163218718e-10 1.19393955729334e-08 1134.5428529831 1.06780616027358 3687.1725072566 0.0133713337030866 2465.85694919091 2.41864644326261 44204.5685529083 0.100054798231166 0.0240253641975703 0.0102118038750337 1095.04538666331 4.0003938626739e-21 1.99554645158385e-17 0 0 0 0 4831.9136814912 15.8408843731006 9.42556580121537 2.39382137125982e-25 3.3196619380299e-19 8.32828308695438e-26 0.00347636573958337 0.0184966358572963 942.551601224701 0 0 0 0 
0 0 0 3286.19267237502 0 0 0 0 0 0 0 0 0 14222.0410569464 0 0 0 0 0 0 
<Fx>
-181.087823264697 -218.499750239773 -255.911677214849 -106.263969314545 -143.675896289621 -122.242284520559 -146.126675887925 -170.011067255292 -316.901504678911 -159.654211495635 -61.7623317915431 -219.145828096781 -85.6467231589093 -99.1742587666191 -54.8221711860246 -310.733848400874 -78.7065625533909 -249.481391344377 -92.2340981611007 -194.659220158352 -157.247293183276 -62.7044806901032 -74.5566441698329 -101.52457001284 -113.37673349257 -140.344659335577 -179.164748658314 -23.8843913673662 -35.7365548470959 -10.4440011320688 -77.6401786454739 -88.0841797775427 -76.232016297813 -37.4119269750761 -11.8521634797297 -49.2640904548057 -683.947547041091 -751.503863497587 -690.887707646609 -683.947547041091 
-751.503863497587 -690.887707646609 -575.96434431262 -446.454522298406 -157.247293183276 -157.247293183276 -78.7065625533909 -526.700253857815 -376.393121280057 -702.229996391293 -446.454522298406 -533.640414463333 -369.452960674539 -157.247293183276 -446.454522298406 -157.247293183276 -85.6467231589093 -495.718612753211 -157.247293183276 -305.049341199182 
<Wx>
1.26928232297907e-11 4.2950761614817e-09 7.05582982933851e-08 3.25647955534915e-20 5.28620107691275e-16 5.74914841689816e-14 1.37363368739993e-11 3.11896047501954e-11 9.13250973066478e-17 3.91510361804531e-15 0.000543186040961145 2.03799792398937e-07 0.000925814156106066 4.46122063960598e-09 0.00200778995042114 3.83683730507041e-07 0.014158646307852 1.87141415682262e-08 1.12441471093617e-08 2.47959470082804e-09 0.000341158886446594 1.45540111309902e-27 7.12059435778012e-24 0 0 0 0 0.00255124266376086 8.13274277209932e-06 8.75233734368924e-05 1.40037266728051e-31 1.82689166014806e-25 4.72322129131161e-32 3.82625923713085e-09 3.43509981598263e-07 0.97937545924832 0.114593358783477 4.0531197807867e-10 0.88540664081121 0.976031820261616 
1.09416659530896e-07 0.0239680703217249 0 1 0 0 0 0 0 0 0 0 0 1 0 0 0 0 0 0 
<VL>
-25.0899843822097 -19.2657965490756 -16.4668265426959 -44.8710551390019 -35.1762616329242 -30.4871395594845 -25.0109764677361 -24.1909362577137 -36.9321060357136 -33.1739345988845 -7.51805867983874 -15.4061277348093 -6.98483703880992 -19.2278434223493 -6.21072068898826 -14.77344724219 -4.25742979501448 -17.7939863652914 -18.3034181006222 -19.8151707172106 -7.9831622465397 -61.7945159691024 -53.2990510327009 -54.7552246294886 -54.7552246294886 -54.7552246294886 -54.7552246294886 -5.9711747193913 -11.7196123269572 -9.34360467527918 -71.0433994907021 -56.9620113485304 -72.1302319320207 -19.3813782115246 -14.884049667196 -0.0208401969521709 -2.16636542765929 -21.6263640291197 -0.121708258360733 -0.0242600903734369 
-16.0281026776481 -3.73103273766778 0 0 0 0 0 0 0 0 0 0 0 0 0 0 0 0 0 0 
<Gamma>
0.36586603367903 1.00982100472631 0.36586603367903 0.000108628461986377 0.017400237221215 0.017400237221215 0.36586603367903 1.00982100472631 0.36586603367903 0.36586603367903 0.36586603367903 1.00982100472631 1.00982100472631 1.00982100472631 0.36586603367903 1.00982100472631 1.00982100472631 1.00982100472631 1.00982100472631 0.36586603367903 1.00982100472631 0.36586603367903 1.00982100472631 0.36586603367903 1.00982100472631 0.36586603367903 0.36586603367903 0.36586603367903 1.00982100472631 1.00982100472631 1.00982100472631 1.00982100472631 0.36586603367903 0.36586603367903 0.36586603367903 1.00083426366534 8.54636638799712 585.140184485173 1.02337769804821 1.00341242834993 
2.16755470972502 37.8047680383609 1 1 1 1 1 1 1 1 1 1 1 1 1 1 1 1 1 1 
<lnGmf>
0 0 0 0 0 0 0 0 0 0 0 0 0 0 0 0 0 0 0 0 0 0 0 0 0 0 0 0 0 0 0 0 0 0 0 0 6.90775527898214 6.90775527898214 0 0 
0 6.90775527898214 0 0 0 0 0 0 0 0 0 0 0 0 0 0 0 0 0 0 
<BF>
3.75399993922572e-07 2.54974872517074e-11 0.01 1.11026667785195 0.000832703535969356 0.00916288835898051 0.555468833749196 0.000193370694000633 -5.18712918382285e-17 0.093174447230741 3.77647194981718e-11 0 0 0.0824972742985747 0.0106771728566369 0.745395577543811 0.279523341541164 0 0.162399727789581 1.77692337792127e-08 0 0 0.00389240766999543 0.158507284581118 1.29919768016278 0.487199112291809 0 
<BFC>
0.294425342509966 1.78069984987108e-08 0 0 0.0863896819685701 0.169184457437755 2.59519158101534 1.01288323987011 0 
<XFA>
0.555080801143294 0 0 
<YFA>
0.555080801143294 0 0 
<PUL>
1000000 1000000 1000000 
<PLL>
0 0 0 
<Y_m>
7.19395165340098e-10 2.43433392981113e-07 3.99905503668807e-06 1.84568523939467e-18 2.99607693962139e-14 3.25846307087302e-12 7.78538718907295e-10 1.76774311435275e-09 5.17606148665318e-15 2.21897568699833e-13 0.0307863274130006 1.15508254306263e-05 0.0524726623737208 2.52850016229283e-07 0.113796147413551 2.17461644071892e-05 0.802474084545894 1.06066733333795e-06 6.37288089686967e-07 1.40536774796637e-07 0.0193359703416068 8.24882301942608e-26 4.03576183375199e-22 0 0 0 0 0.144597589101477 0.000460942039866363 0.00496058997788427 7.93693655286675e-30 1.03543317677822e-23 2.67699510210308e-30 2.16862107562434e-07 1.94692241067263e-05 55.50837344 1.06772292574677 3.77649189855813e-09 8.24977100801126 15.8508121876033 
1.77693276429686e-06 0.389242823115232 0 1.94257079620826 0 0 0 0 0 0 0 0 0 22.6736652154835 0 0 0 0 0 0 
<IC_m>
3.75401976926127e-05 2.54976736996111e-09 1.00000528237498 0.0105076120410651 0.0832707934621682 0.916293676079274 0.038803465563625 0.0193371715457202 -1.41183451648347e-17 
<IC_lm>
-4.42550343544106 -8.59349942308565 2.29410024244265e-06 -1.97849596636709 -1.07950729481624 -0.0379653106858886 -1.41112948260628 -1.71360704643669 0 
<IC_wm>
0.000954701909055114 9.63189469761107e-08 33.4164576013792 0.00998270257653335 3.06870911613965 19.8552339425746 0.585166358118356 0.51189425628263 -0 
<Aalp>
0 0 0 0 0 0 0 0 0 0 0 0 0 0 0 0 0 0 0 0 0 
<Xr0h0>
0 0 0 0 0 0 0 0 0 0 0 0 0 0 0 0 0 0 0 0 0 0 0 0 0 0 0 0 0 0 0 0 0 0 0 0 0 0 0 0 
0 0 
<Sigw>
0 0 0 0 0 0 0 0 0 0 0 0 0 0 0 0 0 0 0 0 0 
<Sigg>
0 0 0 0 0 0 0 0 0 0 0 0 0 0 0 0 0 0 0 0 0 
<EZ>
1 0 -1 3 2 2 1 0 1 1 1 0 0 0 1 0 0 0 0 -1 0 -1 0 -1 0 -1 -1 -1 0 0 0 0 -1 -1 1 0 0 0 0 0 
0 0 0 0 0 0 0 0 0 0 0 0 0 0 0 0 0 0 0 0 
<Xcond>
0 0 0 0 0 0 0 0 0 0 0 0 0 0 0 0 0 0 0 0 0 
<Xeps>
0 0 0 0 0 0 0 0 0 0 0 0 0 0 0 0 0 0 0 0 0 
<sMod>
'HNNSNNNN' 'VNNSNNNN' 'VNNSNNNN' 
<LsMod>
2 0 4 3 2 3 3 2 3 
<IPxPH>
0 1 0 2 1 2 0 1 0 2 1 2 
<PMc>
0.0299999993294477 3.72000002861023 1 1 0 0 0 0 3100 0 0 25100 -10.8000001907349 0.342999994754791 40000 0 0 3100 0 0 25100 -10.8000001907349 0.342999994754791 40000 0 0 
<LsMdc>
0 0 0 1 0 0 1 0 0 
<DMc>
0.64300000667572 1 1 0.64300000667572 1 1 
<MoiSN>

<SitFr>

<LsMdc2>
0 0 0 0 0 0 0 0 0 
<DQFc>

<LsPhl>
0 0 0 0 0 0 0 0 0 0 0 0 0 0 0 0 0 0 0 0 0 0 0 0 0 0 0 0 0 0 0 0 0 0 0 0 0 0 0 0 
0 0 
<PhLin>

<lPhc>

<lnDQFt>
0 0 0 0 0 0 0 0 0 0 0 0 0 0 0 0 0 0 0 0 0 0 0 0 0 0 0 0 0 0 0 0 0 0 0 0 0 0 0 0 
0 0 
<lnRcpt>
0 0 0 0 0 0 0 0 0 0 0 0 0 0 0 0 0 0 0 0 0 0 0 0 0 0 0 0 0 0 0 0 0 0 0 0 0 0 0 0 
0 0 
<lnExet>
0 0 0 0 0 0 0 0 0 0 0 0 0 0 0 0 0 0 0 0 0 0 0 0 0 0 0 0 0 0 0 0 0 0 0 0 0 0 0 0 
0 0 
<lnCnft>
0 0 0 0 0 0 0 0 0 0 0 0 0 0 0 0 0 0 0 0 0 0 0 0 0 0 0 0 0 0 0 0 0 0 0 0 0 0 0 0 
0 0 
<SorMc>
0 0 0 0 0 0 0 0 0 0 0 0 0 0 0 0 
0 0 0 0 0 0 0 0 0 0 0 0 0 0 0 0 
0 0 0 0 0 0 0 0 0 0 0 0 0 0 0 0 
<LsISmo>
0 0 0 0 0 0 0 0 0 0 0 0 
<xSMd>

<IsoPc>

<IsoSc>

<IsoCt>

<LsESmo>
0 0 0 0 0 0 0 0 0 0 0 0 
<EImc>

<mCDc>

<lnScalT>
0 0 0 0 0 0 0 0 0 0 0 0 0 0 0 0 0 0 0 0 0 0 0 0 0 0 0 0 0 0 0 0 0 0 0 0 0 0 0 0 
0 0 
<lnSACT>
0 0 0 0 0 0 0 0 0 0 0 0 0 0 0 0 0 0 0 0 0 0 0 0 0 0 0 0 0 0 0 0 0 0 0 0 0 0 0 0 
0 0 
<lnGammF>
0 0 0 0 0 0 0 0 0 0 0 0 0 0 0 0 0 0 0 0 0 0 0 0 0 0 0 0 0 0 0 0 0 0 0 0 0 0 0 0 
0 0 
<CTerms>
0 0 0 0 0 0 0 0 0 0 0 0 0 0 0 0 0 0 0 0 0 0 0 0 0 0 0 0 0 0 0 0 0 0 0 0 0 0 0 0 
0 0 
<kMod>
'NNNNNN' 'NNNNNN' 'NNNNNN' 'NNNNNN' 'NNNNNN' 'NNNNNN' 'NNNNNN' 'NNNNNN' 'NNNNNN' 'NNNNNN' 'NNNNNN' 'NNNNNN' 'NNNNNN' 'NNNNNN' 'NNNNNN' 'NNNNNN' 'NNNNNN' 'NNNNNN' 'NNNNNN' 'NNNNNN' 'NNNNNN' 
<LsKin>
0 0 0 0 0 0 0 0 0 0 0 0 0 0 0 0 0 0 0 0 0 0 0 0 0 0 0 0 0 0 0 0 0 0 0 0 0 0 0 0 
0 0 0 0 0 0 0 0 0 0 0 0 0 0 0 0 0 0 0 0 0 0 0 0 0 0 0 0 0 0 0 0 0 0 0 0 0 0 0 0 
0 0 0 0 0 0 0 0 0 0 0 0 0 0 0 0 0 0 0 0 0 0 0 0 0 0 0 0 0 0 0 0 0 0 0 0 0 0 0 0 
0 0 0 0 0 0 
<xSKrC>

<ocPRkC>

<feSArC>

<rpConC>

<apConC>

<AscpC>

<LsUpt>
0 0 0 0 0 0 
<UMpcC>

<PfFact>
1 1 1 1 1 1 1 1 1 1 1 1 1 1 1 1 1 1 1 1 1 
<PrT>
0 0 0 0 0 0 0 0 0 0 0 0 0 0 0 0 0 0 0 0 0 
<PkT>
0 0 0 0 0 0 0 0 0 0 0 0 0 0 0 0 0 0 0 0 0 
<PvT>
0 0 0 0 0 0 0 0 0 0 0 0 0 0 0 0 0 0 0 0 0 
<emRd>
0 0 0 0 0 0 0 0 0 0 0 0 0 0 0 0 0 0 0 0 0 0 0 0 0 0 0 0 0 0 0 0 0 0 0 0 0 0 0 0 
0 0 
<emDf>
0 0 0 0 0 0 0 0 0 0 0 0 0 0 0 0 0 0 0 0 0 0 0 0 0 0 0 0 0 0 0 0 0 0 0 0 0 0 0 0 
0 0 
<Wb>
0 0 0 0 0 0 0 0 0 0 0 0 0 0 0 0 0 0 0 0 0 0 0 0 0 0 0 0 0 0 0 0 0 0 0 0 0 0 0 0 
0 0 
<Wabs>
0 0 0 0 0 0 0 0 0 0 0 0 0 0 0 0 0 0 0 0 0 0 0 0 0 0 0 0 0 0 0 0 0 0 0 0 0 0 0 0 
0 0 
<Rion>
0 0 0 0 0 0 0 0 0 0 0 0 0 0 0 0 0 0 0 0 0 0 0 0 0 0 0 0 0 0 0 0 0 0 0 0 0 0 0 0 
0 0 
<Qp>
0 0 0 0 0 0 0 0 0 0 0 0 0 0 0 0 0 0 0 0 0 0 0 0 0 0 0 0 0 0 0 0 0 0 0 0 0 0 0 0 
0 0 0 0 0 0 0 0 0 0 0 0 0 0 0 0 0 0 0 0 0 0 0 0 0 0 0 0 0 0 0 0 0 0 0 0 0 0 0 0 
0 0 0 0 0 0 0 0 0 0 0 0 0 0 0 0 0 0 0 0 0 0 0 0 0 0 0 0 0 0 0 0 0 0 0 0 0 0 0 0 
0 0 0 0 0 0 0 0 0 0 0 0 0 0 0 0 0 0 0 0 0 0 0 0 0 0 0 0 0 0 0 0 0 0 0 0 0 0 0 0 
0 0 0 0 0 0 0 0 0 0 0 0 0 0 0 0 0 0 0 0 0 0 0 0 0 0 0 0 0 0 0 0 0 0 0 0 0 0 0 0 
0 0 0 0 0 0 0 0 0 0 0 0 0 0 0 0 0 0 0 0 0 0 0 0 0 0 0 0 0 0 0 0 0 0 0 0 0 0 0 0 
0 0 0 0 0 0 0 0 0 0 0 0 0 0 0 0 0 0 0 0 0 0 0 0 0 0 0 0 0 0 0 0 0 0 0 0 0 0 0 0 
0 0 0 0 0 0 0 0 0 0 0 0 0 0 0 0 0 0 0 0 0 0 0 0 0 0 0 0 0 0 0 0 0 0 0 0 0 0 0 0 
0 0 0 0 0 0 0 0 0 0 0 0 0 0 0 0 0 0 0 0 0 0 0 0 0 0 0 0 0 0 0 0 0 0 0 0 0 0 0 0 
0 0 0 0 0 0 0 0 0 0 0 0 0 0 0 0 0 0 0 0 0 0 0 0 0 0 0 0 0 0 0 0 0 0 0 0 0 0 0 0 
0 0 0 0 0 0 0 0 0 0 0 0 0 0 0 0 0 0 0 0 0 0 0 0 0 0 0 0 0 0 0 0 0 0 0 0 0 0 0 0 
0 0 0 0 0 0 0 0 0 0 0 0 0 0 0 0 0 0 0 0 0 0 0 0 0 0 0 0 0 0 0 0 0 0 0 0 0 0 0 0 
0 0 0 0 0 0 0 0 0 0 0 0 0 0 0 0 0 0 0 0 0 0 0 0 0 0 0 0 0 0 0 0 0 0 0 0 0 0 0 0 
0 0 0 0 0 0 0 0 0 0 0 0 0 0 0 0 0 0 0 0 
<Qd>
0 0 0 0 0 0 0 0 0 0 0 0 0 0 0 0 0 0 0 0 0 0 0 0 0 0 0 0 0 0 0 0 0 0 0 0 0 0 0 0 
0 0 0 0 0 0 0 0 0 0 0 0 0 0 0 0 0 0 0 0 0 0 0 0 0 0 0 0 0 0 0 0 0 0 0 0 0 0 0 0 
0 0 0 0 0 0 0 0 0 0 0 0 0 0 0 0 0 0 0 0 0 0 0 0 0 0 0 0 0 0 0 0 0 0 0 0 0 0 0 0 
0 0 0 0 0 0 0 0 0 0 0 0 0 0 0 0 0 0 0 0 0 0 0 0 0 0 0 0 0 0 0 0 0 0 0 0 0 0 0 0 
0 0 0 0 0 0 0 0 0 0 0 0 0 0 0 0 0 0 0 0 
<H0>
0 0 0 0 0 0 0 0 0 0 0 0 0 0 0 0 0 0 0 0 0 0 0 0 0 0 0 0 0 0 0 0 0 0 0 0 0 0 0 0 
0 0 0 0 0 0 0 0 0 0 0 0 0 0 0 0 0 0 0 0 
<A0>
0 0 0 0 0 0 0 0 0 0 0 0 0 0 0 0 0 0 0 0 0 0 0 0 0 0 0 0 0 0 0 0 0 0 0 0 0 0 0 0 
0 0 0 0 0 0 0 0 0 0 0 0 0 0 0 0 0 0 0 0 
<U0>
0 0 0 0 0 0 0 0 0 0 0 0 0 0 0 0 0 0 0 0 0 0 0 0 0 0 0 0 0 0 0 0 0 0 0 0 0 0 0 0 
0 0 0 0 0 0 0 0 0 0 0 0 0 0 0 0 0 0 0 0 
<S0>
0 0 0 0 0 0 0 0 0 0 0 0 0 0 0 0 0 0 0 0 0 0 0 0 0 0 0 0 0 0 0 0 0 0 0 0 0 0 0 0 
0 0 0 0 0 0 0 0 0 0 0 0 0 0 0 0 0 0 0 0 
<Cp0>
0 0 0 0 0 0 0 0 0 0 0 0 0 0 0 0 0 0 0 0 0 0 0 0 0 0 0 0 0 0 0 0 0 0 0 0 0 0 0 0 
0 0 0 0 0 0 0 0 0 0 0 0 0 0 0 0 0 0 0 0 
<VPh>
0 0 0 0 0 0 0 0 0 0 0 0 0 0 0 
<GPh>
0 0 0 0 0 0 0 0 0 0 0 0 0 0 0 
<HPh>
0 0 0 0 0 0 0 0 0 0 0 0 0 0 0 
<SPh>
0 0 0 0 0 0 0 0 0 0 0 0 0 0 0 
<CPh>
0 0 0 0 0 0 0 0 0 0 0 0 0 0 0 
<APh>
0 0 0 0 0 0 0 0 0 0 0 0 0 0 0 
<UPh>
0 0 0 0 0 0 0 0 0 0 0 0 0 0 0 