

Next record
3Bent-H2O G  MySystem    1    0       1       25      0   

<Short_PARAM>
2 2 -5 1 130 1 0 30000 1 9999 
<Double_PARAM>
1000 1e-13 1e-20 1e-06 0.01 0.01 1e-05 1e-05 1e-05 1e-05 1e-05 1e-05 1e-06 1e-17 0.7 -0.0065 1 1000 0.001 12.05 1e-13 1e-13 1e-33 1e-20 1e-05 1e-10 0.001 1e-10 
<Short_Const>
7 7 29 24 25 2 0 0 7 2 0 2 1 0 85 1 2 1 1 8 6 2 0 2 1 2 0 2 0 1 85 0 0 0 0 0 1 0 0 
<Double_Const>
25 25 298.15 298.15 1 1 0 100302.087906628 -1317085619.24956 0 0 0 0 0 0 0 0 0 0 0 
0 0 0 0 16654.5721236516 1000 100.037252174127 -531303.34227051 0.0023777322232147 8.81722011667275 11.1281498183293 0.657009907240335 1e-13 1e-20 55.50837344 0 9.99999e-07 0 0 0 
0 1e-06 0 2478.9711565 38.9215133653371 5550.91687540133 4.01653388216503 0.000118866981637433 1.66e-24 5.80903361511978 5.80915248916666 333.336499632544 0.00297887068964755 
<Add_Double_Const>
1e-13 1e-13 1e-33 1e-20 1e-05 1e-05 1e-05 1e-05 1e-05 1e-05 1e-06 1 
<EpsW>
78.2451456494471 -0.355010888388417 0.00135076186526265 0.00406162824448407 0 
<EpsWg>
0 0 0 0 0 
<DenW>
0.997061364306278 -0.00025866418191325 -9.46964566451448e-06 4.50858902637571e-05 0 
<DenWg>
0.000767104546309221 -0 0 0 0 
Error Code W08IPM: PSSC():
Error Message Computed phase assemblage remains inconsistent after 5 phase selection loops.
 Problematic phase(s): 5: s   hNa-Mont          -1: 
 
Continue?
<L1>
22 2 1 1 1 1 1 
<muk>
0 1 4 12 15 17 19 
<mui>
0 3 5 7 9 10 11 
<muj>
0 1 2 3 4 5 6 23 24 25 26 27 28 29 30 31 32 33 35 36 37 38 39 41 44 52 55 57 59 
<DUL>
1000000 1000000 1000000 1000000 1000000 1000000 1000000 1000000 1000000 1000000 1000000 1000000 1000000 1000000 1000000 1000000 1000000 1000000 1000000 1000000 1000000 1000000 1000000 1000000 1000000 1000000 0 1000000 1000000 
<DLL>
0 0 0 0 0 0 0 0 0 0 0 0 0 0 0 0 0 0 0 0 0 0 0 0 0 0 0 0 0 
<Vol>
-45.2428720605177 0.307336406943463 9.46735262367419 13.0094459034099 -2.72751155835722 0 0 -22.0137394655029 1.64145699446217 -10.8500987991238 0 -1.20796344838775 3.50925587536806 4.52586740947047 0 16.0632540244942 0 25.2643576113497 30.5008890803284 -4.70784300725686 0 18.0683971876364 24789.711565 24789.711565 177.051792144775 18.0683971876364 137.469997406006 215.001792907715 65.1367950439453 
<Pparc>
1 1 1 1 1 1 1 1 1 1 1 1 1 1 1 1 1 1 1 1 1 1 1 1 1 1 1 1 1 
<MM>
26.9815406799316 42.9809408187866 58.9803409576416 59.9882909059525 43.9888907670975 104.073191761971 135.06404209137 24.3050003051758 41.3123503923416 101.396651387215 100.388701438904 22.9897994995117 39.9971495866776 77.0916510820389 272.336004257202 60.084300994873 76.083701133728 2.0158998966217 31.99880027771 17.0073500871658 1.00794994831085 18.0153000354767 2.0158998966217 31.99880027771 339.229333996773 18.0153000354767 372.501741266251 453.570591425896 96.1149010658264 
<Awt>
26.9815406799316 1.00794994831085 24.3050003051758 22.9897994995117 15.999400138855 28.0855007171631 0 
<A>
1 0 0 0 0 0 3 1 0 0 0 1 0 1 1 0 0 0 2 0 -1 1 1 0 0 2 0 0 1 1 0 0 1 0 2 1 1 0 0 3 
1 2 1 0 0 0 5 1 -3 0 0 1 0 0 0 2 0 1 1 0 1 0 1 0 1 1 0 3 1 1 0 0 1 0 3 1 0 0 0 0 
1 0 0 1 0 1 0 1 1 0 0 0 1 0 0 3 1 -1 0 0 0 0 10 4 -4 0 0 0 0 2 1 0 0 0 0 0 3 1 -2 0 
2 0 0 0 0 0 0 0 0 0 2 0 0 0 1 0 0 1 0 -1 0 1 0 0 0 0 1 0 2 0 0 1 0 0 0 2 0 0 0 0 
0 0 0 0 0 2 0 0 2 13 0 0 13.5 2 0 0 2 0 0 1 0 0 1.4 2 0.6 0.6 12 4 0 1.4 11 0.6 0.6 16.5 4 0 0 4 0 0 
4 1 0 
<XFs>
5551.57677457577 0 0 0.000165352266339245 0 0 0 
<Falps>
7.60213842630234e-08 -3.32291149932452 7.97894721717492 -5.16325432324088e-05 14.528456044652 12.4607284021773 -2.21731893400128 
<G>
-191.107963706272 -262.392374818443 -329.782832337415 -344.626893338857 -275.371549795734 -617.42898676841 -709.591713490115 -179.117908653927 -248.454334446988 -591.853650653724 -570.831117428335 -101.624469437802 -164.651826331658 -405.265360405176 -1448.5248015971 -332.175760200269 -374.571940188364 11.1682912003023 10.650737819677 -59.4251082260537 4.01653388216503 -95.6773475216673 0 0 -1953.70810803579 -95.6773475216673 -2166.3463029486 -2596.1504357023 -532.083710183301 
<G0>
-191.107963706272 -262.392374818443 -329.782832337415 -344.626893338857 -275.371549795734 -617.42898676841 -709.591713490115 -179.117908653927 -248.454334446988 -591.853650653724 -570.831117428335 -101.624469437802 -164.651826331658 -405.265360405176 -1448.5248015971 -332.175760200269 -374.571940188364 11.1682912003023 10.650737819677 -59.4251082260537 4.01653388216503 -95.6773475216673 0 0 -1953.70810803579 -95.6773475216673 -2166.3463029486 -2596.1504357023 -532.083710183301 
<lnGam>
-0.487439019134584 -0.0539540940912121 -0.0539540940912121 -0.000118874046862079 -0.216510940982477 -0.216510940982477 -0.487439019134584 -0.216510940982477 -0.0539540940912121 -0.0539540940912121 -0.000118874046862079 -0.0539540940912121 -0.000118874046862079 -0.0539540940912121 -0.866738328547534 -0.000118874046862079 -0.216510940982477 -0.000118874046862079 -0.000118874046862079 -0.0539540940912121 -0.0539540940912121 0 0 0 0 0 0 0 0 
<lnGmo>
-0.487557886116206 -0.0540729610728344 -0.0540729610728344 -0.000237741028484302 -0.216629807964099 -0.216629807964099 -0.487557886116206 -0.216629807964099 -0.0540729610728344 -0.0540729610728344 -0.000237741028484302 -0.0540729610728344 -0.000237741028484302 -0.0540729610728344 -0.866857195529156 -0.000237741028484302 -0.216629807964099 -0.000237741028484302 -0.000237741028484302 -0.0540729610728344 -0.0540729610728344 1.41310392276495e-08 0 0 0 0 0 0 0 
<B>
0.14 11101.8746657646 0.06 0.06 5552.037457887 0.4 0 
<U>
-307.151704316141 -45.9259115801018 -242.02467786248 -138.734911856984 -3.8256432497883 -334.166403633635 25.6235119375816 
<Uc>
-307.151704316141 -307.151566870966 -45.9259115801018 -45.9259138576089 -242.02467786248 -242.019464423667 -138.734911856984 -138.73320550636 -3.8256432497883 -3.82563869277044 -334.166403633635 -334.16640047747 25.6235119375816 25.6227323108727 
<Uefd>
0.267508739588853 0.0891695799149866 0.17833916004569 0.0891695800238207 -0.178339159829973 0.356678319665748 -0.0891695800580457 
<U_r>
-761420.21566953 -113849.010143042 -599972.195582292 -343919.844893033 -9483.65927128412 -828388.876079118 63519.9470214981 
<C>
-7.14423901190966e-18 6.06964499301561e-12 1.07212981964785e-18 -1.81098244206964e-18 -4.05135071854164e-11 7.00047430244777e-17 3.20969415810642e-18 
<XF>
5551.57677457577 0 0 0.000165352266339245 0 0 0 
<YF>
5551.57677457642 0 0 0.000165352266339245 0 0 0 
<Falp>
7.6065912365293e-08 -3.32291149932452 7.97894721717491 -5.16325432324088e-05 14.528456044652 12.4607284021773 -2.21731893400128 
<X>
8.64975032103975e-14 6.23992308203859e-07 0.139435258348564 0.000564108419868449 4.79802511885759e-10 6.7688802955169e-10 8.08248223702275e-09 0.0590230161422355 0.000120660523941146 0.000584956895127564 0.000271366438695777 0.059999752279775 2.47720224994937e-07 0.0386212732496023 1.76434081601326e-09 0.360520999044495 1.38855534539028e-06 0 6.2502364003997e-05 0.000692848868078874 1.6059248252738e-07 5550.91687540133 0 0 0 0.000165352266339245 0 0 0 
<Y>
8.64975032103975e-14 6.23992308203859e-07 0.139435258348564 0.000564108419868449 4.79802511885759e-10 6.7688802955169e-10 8.08248223702275e-09 0.0590230161422355 0.000120660523941146 0.000584956895127564 0.000271366438695777 0.059999752279775 2.47720224994937e-07 0.0386212732496023 1.76434081601326e-09 0.360520999044495 1.38855534539028e-06 0 6.2502364003997e-05 0.000692848868078874 1.6059248252738e-07 5550.91687540133 0 0 0 0.000165352266339245 0 0 0 
<XY>
8.64975032103975e-14 6.23992308203859e-07 0.139435258348579 0.000564108419868452 4.79802511885759e-10 6.7688802955169e-10 8.08248223702275e-09 0.0590230161422502 0.000120660523941146 0.000584956895127563 0.000271366438695776 0.0599997522797824 2.47720224994937e-07 0.038621273249589 1.76434081601326e-09 0.36052099904445 1.38855534539028e-06 0 6.25024476677385e-05 0.00069284886807887 1.6059248252738e-07 5550.91687540189 0 0 0 0.000165352266339245 0 0 0 
<XU>
0 0 0 0 0 0 0 0 0 0 0 0 0 0 0 0 0 0 0 0 0 0 0 0 0 0 0 0 0 
<MU>
-1.57872788478245e-38 -4.19956793189378e-25 -9.146214347986e-16 -1.79094659356766e-19 -3.67030460317224e-31 -7.20902405055633e-31 6.56786536623315e-29 -8.84211479831739e-16 3.81368161030952e-21 9.67874617315129e-20 5.88102718482342e-20 -4.44198019080016e-16 2.40779526593652e-26 8.0050246456344e-16 6.68243551049997e-30 2.71810206705278e-15 2.02918311338364e-24 0 -5.02346988476803e-12 2.4758527600009e-19 -1.33014547129991e-26 -3.39160613448654e-11 0 0 0 -3.00951330716e-26 0 0 0 
<EMU>
1.5808361947572e-17 1.12536530336581e-10 2.51676060532291e-05 1.01609591590181e-07 8.73889608102802e-14 1.11065021282506e-13 1.48154688018017e-12 1.07192719076695e-05 2.17278988314515e-08 1.05659659112895e-07 4.87279690048013e-08 1.08297570699148e-05 4.45344003852803e-11 6.97150841389728e-06 6.74521182168489e-13 6.49398701881598e-05 2.51862191290469e-10 1.81501940822147e-45 1.12584918878576e-08 1.24838993865595e-07 2.89568030955782e-11 0.99988113287177 1.28605674541035e-40 0.000475432099785057 95268037.112421 0.999881118742576 337641673885103 2888872682519.63 0.00606290922573299 
<NMU>
-38.6859926366684 -22.9077432328893 -10.5899528644557 -16.1021279008428 -30.0684074267451 -29.828660587779 -27.2379343846717 -11.4434673236889 -17.6446687417181 -16.0630426714799 -16.8370126594984 -11.4332129284204 -23.8347591830339 -11.8736789414129 -28.0247733155032 -9.64204879024199 -22.102139037958 -103.020233023837 -18.302143158564 -15.8962409789676 -24.2652159448506 -0.00011887419348737 -91.8518229694064 -7.65128648368313 18.3722049200533 -0.000118888324360315 33.4530063126349 28.691887466701 -5.1055655238448 
<W>
2.69736789359395e-29 1.40375563724507e-15 7.009358164391e-05 1.14725036584434e-09 8.29961745388003e-22 1.65183516950514e-21 2.35517161471761e-19 1.25596008663591e-05 5.24884145019091e-11 1.23361820515557e-09 2.65488253868011e-10 1.29787227569622e-05 2.21236088961805e-16 5.37757177164992e-06 1.12227167799917e-20 0.000468591247586804 6.95119433172124e-15 0 1.40840348512277e-11 1.73065325826335e-09 9.29786988215426e-17 111086.808170626 0 0 0 9.85719491541261e-11 0 0 0 
<F>
-230.282966916073 -285.353651477787 -340.427136084817 -360.728875832226 -305.661667752475 -647.374973443681 -737.321622657947 -190.78020788745 -266.15101285375 -607.971771914808 -587.66487630871 -113.112033147336 -188.48451058651 -417.193461303137 -1478.1460519648 -341.817683676684 -396.891658285998 0 -7.65128542186556 -75.3739557562868 -20.3020108271304 -95.6774664098452 0 0 0 -95.6773475216673 0 0 0 
<F0>
-0.481403631584811 -0.0532863135883795 -0.0532863135883795 -0.000118874046862079 -0.213830307837041 -0.213830307837041 -0.481403631584811 -0.213830307837041 -0.0532863135883795 -0.0532863135883795 -0.000118874046862079 -0.0532863135883795 -0.000118874046862079 -0.0532863135883795 -0.856006284831689 -0.000118874046862079 -0.213830307837041 -0.000118874046862079 -0.000118874046862079 -0.0532863135883795 -0.0532863135883795 0 0 0 0 0 0 0 0 
<YOF>
0 0 0 0 0 0 0 
<lnGmM>
0 0 0 0 0 0 0 0 0 0 0 0 0 0 0 0 0 0 0 0 0 0 0 0 0 0 0 0 0 
<fDQF>
0 0 0 0 0 0 0 0 0 0 0 0 0 0 0 0 0 0 0 0 0 0 0 0 0 0 0 0 0 
<FVOL>
100302.084918977 0 0 0.00298765042409331 0 0 0 
<FWGT>
100037.249195257 0 0 0.00297887068964755 0 0 0 
<Y_la>
-15.2683481495697 -8.22767720853528 -2.87812882229734 -5.24865516954688 -11.4081132637676 -11.3039925345511 -10.2965196222333 -3.31940455125261 -5.94195299917977 -5.25506152444277 -5.56781156506501 -3.24435201488568 -8.60689426598625 -3.43564397379376 -10.8029706825746 -2.44307845916175 -7.94840686116599 -42.9967086018526 -6.2041096560757 -5.18262046981272 -8.81722011667275 -5.16325432322735e-05 -39.8907398682644 -3.32291149931593 9.72335734489408 -5.16325432322735e-05 14.5284560446144 14.2051385298849 -0.472908806255743 
<Y_w>
2.33296689019166e-11 0.000268097900392485 82.2087686843863 0.338272995966889 2.10981214046841e-07 7.04196669416773e-07 1.09124624062109e-05 14.3402026434115 0.0498291374830856 0.592905851059822 0.272319807011054 13.7886865745385 9.90441358041432e-05 29.7626908541944 4.80314614652285e-06 216.535864348706 0.00105607092114368 0 0.0199925595589394 0.11779135623686 1.61808911945031e-06 999.641971233725 0 0 0 0.00297776140878247 0 0 0 
<Fx>
-230.281168503396 -285.353835628348 -340.426502753299 -360.728902395819 -305.656235270868 -647.47392540408 -737.316860011462 -190.777653987317 -266.152720754789 -607.970410888 -587.66801124548 -113.111399919403 -188.486466686874 -417.192756900683 -1477.41609478275 -341.817690133212 -396.890357258163 -91.8518231602036 -7.6512864995766 -75.3750667674717 -20.3023996425202 -95.6774664099919 -91.8518231602036 -7.6512864995766 -1931.31925031302 -95.6774664099919 -2132.89329656648 -2563.44189541144 -533.172622953196 
<Wx>
1.55807091791516e-17 1.12399113538611e-10 2.51163343335406e-05 1.01612288323538e-07 8.64263490118848e-14 1.21927167188175e-13 1.45588948243274e-12 1.06317571635755e-05 2.1734460107573e-08 1.05367703425531e-07 4.88809665640468e-08 1.08076956720751e-05 4.46215976205907e-11 6.95681151821117e-06 3.17808955483298e-13 6.49402888014721e-05 2.50119092606152e-10 0 1.12584886315966e-08 1.24802177149359e-07 2.89273640712015e-11 0.999881133018378 0 0 0 1 0 0 0 
<VL>
-38.700498115927 -22.9089650651672 -10.5919921532251 -16.1021013610493 -30.0794838001778 -29.7353525187079 -27.2554040739575 -11.4516650769594 -17.6443668125854 -16.0658096669077 -16.833877748055 -11.4352521153569 -23.8328031225317 -11.8757893037843 -28.7773259615849 -9.64204234409478 -22.1090839410701 -54.7552246294886 -18.3021434477912 -15.8965359360562 -24.2662331151185 -0.000118874046861771 0 0 0 0 0 0 0 
<Gamma>
0.614270341488386 0.947588230490601 0.947588230490601 0.99999999293476 0.805419455931582 0.805419455931582 0.614270341488386 0.805419455931582 0.947588230490601 0.947588230490601 0.99999999293476 0.947588230490601 0.99999999293476 0.947588230490601 0.42037022765928 0.99999999293476 0.805419455931582 0.99999999293476 0.99999999293476 0.947588230490601 0.947588230490601 0.999999985868961 1 1 1 1 1 1 1 
<lnGmf>
0 0 0 0 0 0 0 0 0 0 0 0 0 0 0 0 0 0 0 0 0 0 0 0 0 0 0 0 0 
<BF>
0.14 11101.8743350601 0.06 0.06 5552.03729253477 0.4 -3.20969415810642e-18 0 0 0 0 0 0 0 
<BFC>
0 0.00033070453267849 0 0 0.000165352266339245 0 0 
<XFA>
5550.91687540133 0 
<YFA>
5550.91687540189 0 
<PUL>
1000000 1000000 
<PLL>
0 0 
<Y_m>
8.64962637342085e-16 6.23983366632375e-09 0.0013943326029456 5.64100336410216e-06 4.79795636498992e-12 6.76878330004719e-12 8.08236641813886e-11 0.000590221703649541 1.20658794921916e-06 5.84948512918643e-06 2.71362550118341e-06 0.000599988925062378 2.47716675258713e-09 0.000386207198215055 1.76431553368314e-11 0.00360515832916256 1.38853544792245e-08 0 6.25014683689895e-07 6.92838939819183e-06 1.60590181298433e-09 55.50837344 0 0 0 1.6535008079631e-06 0 0 0 
<IC_m>
0.00139997993853464 0.00040583675869106 0.00059999140222913 0.00059999140222913 0.0112040107829136 0.00399994268152754 3.18651065061046e-19 
<IC_lm>
-2.85387818170489 -3.39164861221592 -3.22185496623416 -3.22185496623416 -1.95062647781959 -2.39794622700342 0 
<IC_wm>
0.0377600916216471 0.000408916683573974 0.0145775701555346 0.0137887435037159 0.179193272351612 0.112300171958326 -0 
<Aalp>
0 0 0 0 0 0 0 
<Xr0h0>
0 0 0 0 0 0 0 0 0 0 0 0 0 0 
<Sigw>
0 0 0 0 0 0 0 
<Sigg>
0 0 0 0 0 0 0 
<EZ>
3 1 -1 0 2 2 -3 2 1 1 0 1 0 -1 -4 0 -2 0 0 -1 1 0 0 0 0 0 0 0 0 
<Xcond>
0 0 0 0 0 0 0 
<Xeps>
0 0 0 0 0 0 0 
<Fug>
0 0.000475432092228791 
<Fug_l>
-39.8907397764126 -3.32291149166464 
<Ppg_l>
-39.8907397764126 -3.32291149166464 
<sMod>
'HNNSNNNN' 'INNINNNN' 
<LsMod>
2 0 4 0 0 0 
<IPxPH>

<PMc>
0.0640000030398369 3.72000002861023 0 0 0 0 0 0 
<LsMdc>
0 0 0 0 0 0 
<DMc>

<MoiSN>

<SitFr>

<LsMdc2>
0 0 0 0 0 0 
<DQFc>

<LsPhl>
0 0 0 0 0 0 0 0 0 0 0 0 0 0 
<PhLin>

<lPhc>

<lnDQFt>
0 0 0 0 0 0 0 0 0 0 0 0 0 0 0 0 0 0 0 0 0 0 0 0 
<lnRcpt>
0 0 0 0 0 0 0 0 0 0 0 0 0 0 0 0 0 0 0 0 0 0 0 0 
<lnExet>
0 0 0 0 0 0 0 0 0 0 0 0 0 0 0 0 0 0 0 0 0 0 0 0 
<lnCnft>
0 0 0 0 0 0 0 0 0 0 0 0 0 0 0 0 0 0 0 0 0 0 0 0 
<SorMc>
0 0 0 0 0 0 0 0 0 0 0 0 0 0 0 0 
0 0 0 0 0 0 0 0 0 0 0 0 0 0 0 0 
<LsISmo>
0 0 0 0 0 0 0 0 
<xSMd>

<IsoPc>

<IsoSc>

<IsoCt>

<LsESmo>
0 0 0 0 0 0 0 0 
<EImc>

<mCDc>

<lnScalT>
0 0 0 0 0 0 0 0 0 0 0 0 0 0 0 0 0 0 0 0 0 0 0 0 
<lnSACT>
0 0 0 0 0 0 0 0 0 0 0 0 0 0 0 0 0 0 0 0 0 0 0 0 
<lnGammF>
0 0 0 0 0 0 0 0 0 0 0 0 0 0 0 0 0 0 0 0 0 0 0 0 
<CTerms>
0 0 0 0 0 0 0 0 0 0 0 0 0 0 0 0 0 0 0 0 0 0 0 0 
<kMod>
'NNNNNN' 'NNNNNN' 'NNNNNN' 'NNNNNN' 'NNNNNN' 'NNNNNN' 'NNNNNN' 
<LsKin>
0 0 0 0 0 0 0 0 0 0 0 0 0 0 0 0 0 0 0 0 0 0 0 0 0 0 0 0 0 0 0 0 0 0 0 0 0 0 0 0 
0 0 
<xSKrC>

<ocPRkC>

<feSArC>

<rpConC>

<apConC>

<AscpC>

<LsUpt>
0 0 0 0 
<UMpcC>

<PfFact>
1 1 1 1 1 1 1 
<PrT>
0 0 0 0 0 0 0 
<PkT>
0 0 0 0 0 0 0 
<PvT>
0 0 0 0 0 0 0 
<emRd>
0 0 0 0 0 0 0 0 0 0 0 0 0 0 0 0 0 0 0 0 0 0 0 0 
<emDf>
0 0 0 0 0 0 0 0 0 0 0 0 0 0 0 0 0 0 0 0 0 0 0 0 
<Wb>
0 0 0 0 0 0 0 0 0 0 0 0 0 0 0 0 0 0 0 0 0 0 0 0 
<Wabs>
0 0 0 0 0 0 0 0 0 0 0 0 0 0 0 0 0 0 0 0 0 0 0 0 
<Rion>
0 0 0 0 0 0 0 0 0 0 0 0 0 0 0 0 0 0 0 0 0 0 0 0 
<Qp>
0 0 0 0 0 0 0 0 0 0 0 0 0 0 0 0 0 0 0 0 0 0 0 0 0 0 0 0 0 0 0 0 0 0 0 0 0 0 0 0 
0 0 0 0 0 0 0 0 0 0 0 0 0 0 0 0 0 0 0 0 0 0 0 0 0 0 0 0 0 0 0 0 0 0 0 0 0 0 0 0 
0 0 0 0 0 0 0 0 0 0 0 0 0 0 0 0 0 0 0 0 0 0 0 0 0 0 0 0 0 0 0 0 0 0 0 0 0 0 0 0 
0 0 0 0 0 0 0 0 0 0 0 0 0 0 0 0 0 0 0 0 0 0 0 0 0 0 0 0 0 0 0 0 0 0 0 0 0 0 0 0 
0 0 0 0 0 0 0 0 0 0 0 0 0 0 0 0 0 0 0 0 0 0 0 0 0 0 0 0 0 0 0 0 0 0 0 0 0 0 0 0 
0 0 0 0 0 0 0 0 0 0 0 0 0 0 0 0 0 0 0 0 0 0 0 0 0 0 0 0 0 0 0 0 0 0 0 0 0 0 0 0 
0 0 0 0 0 0 0 0 0 0 0 0 0 0 0 0 0 0 0 0 0 0 0 0 0 0 0 0 0 0 0 0 0 0 0 0 0 0 0 0 
0 0 0 0 0 0 0 0 0 0 0 0 0 0 0 0 0 0 0 0 0 0 0 0 0 0 0 0 0 0 0 0 0 0 0 0 0 0 0 0 
0 0 0 0 0 0 0 0 0 0 0 0 0 0 0 0 0 0 0 0 0 0 0 0 0 0 0 0 0 0 0 0 0 0 0 0 0 0 0 0 
<Qd>
0 0 0 0 0 0 0 0 0 0 0 0 0 0 0 0 0 0 0 0 0 0 0 0 0 0 0 0 0 0 0 0 0 0 0 0 0 0 0 0 
0 0 0 0 0 0 0 0 0 0 0 0 0 0 0 0 0 0 0 0 0 0 0 0 0 0 0 0 0 0 0 0 0 0 0 0 0 0 0 0 
0 0 0 0 0 0 0 0 0 0 0 0 0 0 0 0 0 0 0 0 0 0 0 0 0 0 0 0 0 0 0 0 0 0 0 0 0 0 0 0 
<H0>
-530629.998579308 -713640.96758837 -925570.999101359 -947125.000015474 -767271.999109976 -1634310 -2014183 -465928.999206753 -690017.999563995 -1613907.99952642 -1554541 -240279.999829417 -470135.000015474 -1144679.99919977 -4082686 -877730.99993341 -1088612 -4018.00010780252 -12237.0002033806 -230008.999110235 0 -285837.30429999 0 0 -5384902.5 -285837.30429999 -5734630 -7021094.5 -1469551 
<A0>
0 0 0 0 0 0 0 0 0 0 0 0 0 0 0 0 0 0 0 0 0 0 0 0 0 0 0 0 0 
<U0>
0 0 0 0 0 0 0 0 0 0 0 0 0 0 0 0 0 0 0 0 0 0 0 0 0 0 0 0 0 
<S0>
-325.096975240679 -112.967998974304 -30.2089935463866 20.9199999714599 -184.932992628897 -24.9903087615967 -66.2882232666016 -138.072000852685 -79.9143952401939 -99.4959989896151 -75.1722717285156 58.4090015521973 44.7687987232909 20.9200054971221 -253.864700317383 75.3119969110968 -46.2260055541992 57.738997682742 108.951399378967 -10.7110335158716 0 69.9241798936394 130.682998657227 205.136993408203 544.888732910156 69.9241798936394 304.899993896484 646.739196777344 218.989456176758 
<Cp0>
-128.696352230021 -125.107206518941 -49.0419224664928 -209.212190765992 55.971014925759 -215.896301269531 -292.165405273438 -21.6620906201741 129.228480648294 158.64911577175 -264.785552978516 38.118227155453 -13.401419974351 -87.1999486422324 -1123.21496582031 -318.484187988628 -243.123474121094 166.852112064487 234.132884195387 -136.338084390688 0 75.3605258482016 28.8176721007834 29.3221550499352 578.728393554688 75.3605258482016 318.670013427734 657.792358398438 127.192253112793 
<VPh>
0 0 6.33651938337659e-07 0 0 0 0 0 0 0 
<GPh>
0 -3.3360255927394 -0.0114604605980731 0 0 0 0 0 0 0 
<HPh>
0 0 0.00555459725525738 0 0 0 0 0 0 0 
<SPh>
0 0.0111890846645628 5.70687836771106e-05 0 0 0 -0 0 0 0 
<CPh>
0 0 0.000104315270579189 0 0 0 0 0 0 0 
<APh>
0 -3.3360255927394 -0.0114610942500115 0 0 0 0 0 0 0 
<UPh>
0 0 0.00555396360331904 0 0 0 0 0 0 0 