

Next record
07PSIna   G  simple      0    0       0       150     0   

<Short_PARAM>
2 2 -4 1 130 1 0 30000 1 9999 
<Double_PARAM>
1000 1e-13 1e-20 1e-05 0.01 0.01 1e-05 1e-05 1e-05 1e-05 1e-05 1e-05 1e-06 1e-17 0.7 -0.0065 1 1000 0.001 12.05 1e-13 1e-13 1e-33 1e-20 1e-05 1e-10 0.001 1e-10 
<Short_Const>
4 4 23 16 12 3 0 0 9 2 0 2 1 0 36 1 2 1 1 0 1 0 0 2 1 2 0 0 0 2 36 0 0 0 0 0 1 0 0 
<Double_Const>
150 150 423.15 423.15 4.75716935442519 4.75716935442519 0 1091.22232853371 -13824646.9322074 0 0 0 0 0 0 0 0 0 0 0 
0 0 0 0 166.774940150627 1000 1.005 -3929.37107089599 1.62759435606264e-06 5.78918466674788 0.201443809187553 0.0168796101181938 1e-13 1e-20 55.50837344 0 9.99999e-06 0 0 0 
0 1e-05 1.55965281791486 3518.2849065 27.4239612663955 55.4608746137036 4.01653388216503 6.04607586218719e-08 1.66e-24 5.80678781879564 -11.5638782175215 332.549229767193 5.88341041845345 
<Add_Double_Const>
1e-13 1e-13 1e-33 1e-20 1e-05 1e-05 1e-05 1e-05 1e-05 1e-05 1e-06 1 
<EpsW>
44.1020648929065 -0.203921304503049 0.000864734277252308 0.00370763636207359 0 
<EpsWg>
1.02677374703068 -0.000142403284930988 1.30789034879093e-06 0.00599296196412889 0 
<DenW>
0.917057738838372 -0.000941246000790619 -4.52396814472566e-06 5.69961007984042e-05 0 
<DenWg>
0.00254545252096053 -7.32593272361516e-06 5.76617737609726e-08 0.000561325794446212 0 
Error Code 
Error Message
<L1>
13 3 1 1 1 1 1 1 1 
<muk>
0 1 20 21 22 23 24 25 26 
<mui>
2 23 39 60 
<muj>
45 52 53 54 55 56 57 58 371 682 1133 1134 1135 1138 1139 1145 1164 1165 1166 1167 1168 1169 1170 
<DUL>
1000000 1000000 1000000 1000000 1000000 1000000 1000000 1000000 1000000 1000000 1000000 1000000 1000000 1000000 1000000 1000000 1000000 1000000 1000000 1000000 1000000 1000000 1000000 
<DLL>
0 0 0 0 0 0 0 0 0 0 0 0 0 0 0 0 0 0 0 0 0 0 0 
<Vol>
-62.4252249285058 -14.8739697409308 -13.297842350276 -11.721716151714 -183.904845044887 -32.9001942631714 -47.7741628120094 -16.4500971315857 0 3.15225478130974 -10.1690778174688 0 19.6441274688562 7395.75290340933 7395.75290340933 7395.75290340933 25.5900001525879 31.9600009918213 38.0399990081787 33.1800007820129 17.7600002288818 19.539999961853 29.1499996185303 
<Pparc>
0 0 0 0 0 0 0 0 0 0 0 0 0 0 0 0 0 0 0 0 0 0 0 
<MM>
26.9815006256104 60.9952998161316 78.0021994113922 95.0090990066528 894.980295181274 87.9768004417419 148.972100257874 43.988400220871 2.01579999923706 31.9979991912842 17.0068995952606 1.00789999961853 18.0147995948792 2.01579999923706 18.0147995948792 31.9979991912842 101.960000038147 78.0021994113922 78.0021994113922 78.0021994113922 59.9873998165131 59.9873998165131 59.9873998165131 
<Awt>
26.9815006256104 1.00789999961853 15.9989995956421 0 
<A>
1 0 0 3 1 2 2 1 1 3 3 0 1 4 4 -1 13 32 32 7 2 2 2 4 3 4 4 5 1 1 1 2 0 2 0 0 0 0 2 0 
0 1 1 -1 0 1 0 1 0 2 1 0 0 2 0 0 0 2 1 0 0 0 2 0 2 0 3 0 1 3 3 0 1 3 3 0 1 3 3 0 
1 1 2 0 1 1 2 0 1 1 2 0 
<XFs>
55.4608778915607 0 0 0 0 0 0.0980774368692322 0 0 
<Falps>
1.10679662645506e-09 -0.017960523236157 -2.32339831831825 -1.28004195210652 -0.807163117644195 -1.39262469013508 2.19939305248278e-06 -0.450482461229215 -0.461572750354148 
<G>
-121.608890845271 -251.095348009282 -312.801088535191 -371.983276008132 -3800.67892997367 -380.416124457837 -639.8182992669 -187.207428224953 5.8656307260514 3.3217807621059 -39.5672710945966 4.01653388216503 -70.3827086732778 -3.2741948966153 -70.3413530966384 -5.9241552283253 -452.101245613834 -331.352191550181 -332.441035307468 -331.09296021533 -263.916893408098 -262.879614141772 -262.854077807303 
<G0>
-121.608890845271 -251.095348009282 -312.801088535191 -371.983276008132 -3800.67892997367 -380.416124457837 -639.8182992669 -187.207428224953 5.8656307260514 3.3217807621059 -39.5672710945966 4.01653388216503 -70.3827086732778 -3.2741948966153 -70.3413530966384 -5.9241552283253 -452.101245613834 -331.352191550181 -332.441035307468 -331.09296021533 -263.916893408098 -262.879614141772 -262.854077807303 
<lnGam>
0 0 0 0 0 0 0 0 0 0 0 0 0 0 0 0 0 0 0 0 0 0 0 
<lnGmo>
-5.91021495077726e-08 -5.91021495077726e-08 -5.91021495077726e-08 -5.91021495077726e-08 -5.91021495077726e-08 -5.91021495077726e-08 -5.91021495077726e-08 -5.91021495077726e-08 -5.91021495077726e-08 -5.91021495077726e-08 -5.91021495077726e-08 -5.91021495077726e-08 0 0 0 0 0 0 0 0 0 0 0 
<B>
0.0980776774839019 111.019830637945 55.6570318351983 0 
<U>
-164.533349780372 -13.7939596320698 -42.7947894656834 0.4638415130759 
<Uc>
-164.533349780372 -162.12950494223 -13.7939596320698 -12.9926784949578 -42.7947894656834 -44.3973517391973 0.4638415130759 -0.338181727044881 
<Uefd>
-0.0464154318687346 -0.0154743944617309 0.0309487890157447 157.593497840136 
<U_r>
-578875.201148167 -48531.0799743816 -150564.261853959 1631.92659446306 
<C>
1.85157378485708e-17 -2.61923627605883e-13 4.495621149633e-14 0 
<XF>
55.4608778915607 0 0 0 0 0 0.0980774368692322 0 0 
<YF>
55.4608761889844 0 0 0 0 0 0.0980769897735496 0 0 
<Falp>
1.10679653002231e-09 -0.017960523236157 -2.32339831831825 -1.28004195210652 -0.807163117644195 -1.39262469013508 2.19939305248278e-06 -0.450482461229215 -0.461572750354148 
<X>
5.0870083338895e-17 2.43481414117132e-10 2.5544831781872e-08 2.14826094604947e-07 0 4.99080788683009e-25 8.87709903733925e-33 2.61770060691793e-13 1.64170270470039e-13 0 1.41133008750337e-06 1.62591217700147e-06 55.4608746137036 0 0 0 0 0 0 0 0.0980774368692322 0 0 
<Y>
5.0870083338895e-17 2.43481414117132e-10 2.5544831781872e-08 2.14826094604947e-07 0 4.99080788683009e-25 8.87709903733925e-33 2.61770060691793e-13 1.64170270470039e-13 0 1.41133008750337e-06 1.62591217700147e-06 55.4608746137036 0 0 0 0 0 0 0 0.0980774368692322 0 0 
<XY>
1.03591593013526e-16 4.81114645537627e-10 3.85940190115859e-08 2.6157548673927e-07 0 1.04737074449137e-24 0 5.60277754693407e-13 7.74064332681086e-13 0 1.39573072138347e-06 1.65682397261092e-06 55.4608729116868 2.97105978362233e-16 1.58490156453403e-06 0 1.56915067703725e-19 9.48620953377263e-10 2.4843606305646e-08 3.73660362699385e-10 0.0980769897735496 1.85711276606023e-07 1.75182011204825e-07 
<XU>
0 0 0 0 0 0 0 0 0 0 0 0 0 0 0 0 0 0 0 0 0 0 0 
<MU>
4.39825314403834e-29 3.35865591715096e-16 1.81863980127615e-19 -2.61567912469834e-10 0 5.64463376347069e-45 2.23226736009986e-60 7.76433052754929e-22 -2.99896294353712e-26 0 -1.13149294469384e-08 1.49312760067512e-08 1.02054709006592e-05 0 0 0 0 0 0 0 2.68083251744753e-06 0 0 
<EMU>
9.17250209206493e-19 4.39026840264082e-12 4.60604736281646e-10 3.87436527307333e-09 4.56206875452619e-64 8.99904119117521e-27 1.60060562241034e-34 4.72003627265225e-15 2.96019197381167e-15 2.4338801806808e-39 2.54820429248681e-08 2.92722954187178e-08 0.999999943454787 2.75856800390146e-11 0.959487843633885 2.52200625379795e-35 0.00474899466482502 0.0524756767192333 0.155896685697309 0.0404925670379496 1.00000506430248 0.354419443048291 0.345483451456525 
<NMU>
-41.5329066615595 -26.1516307511567 -21.4984808457428 -19.3688839880551 -145.847669756733 -59.9726794734921 -77.8175110901637 -32.9869599104588 -33.4535222726603 -88.9113318607433 -17.4852918318714 -17.3466243170859 -5.65452146660966e-08 -24.3137243170152 -0.0413556330946987 -79.6654235375541 -5.34982233284703 -2.94740551732747 -1.85856176230212 -3.20663685164049 5.06428965628153e-06 -1.03727419988166 -1.06281053429772 
<W>
9.30386309745705e-32 2.1314239628645e-18 2.34608912969254e-14 1.65992642640026e-12 0 8.9552995735169e-48 2.83322159448599e-63 2.46364631526612e-24 9.69008173778217e-25 0 7.18052505008474e-11 9.47548121258092e-11 110588.970359017 0 0 0 0 0 0 0 0.345837966296375 0 0 
<F>
-162.430644060235 -276.56594125428 -333.886934774644 -391.155496654096 0 -439.647561437859 0 -219.433449687658 -26.0371684006499 0 -57.065041278904 -13.3097518946656 -70.3827087337386 -25.6716494090804 -70.3413530968259 0 -452.101245613834 -331.352191550181 -332.441035307468 -331.09296021533 -263.916893408098 -262.879614141772 -262.854077807303 
<F0>
0 0 0 0 0 0 0 0 0 0 0 0 0 0 0 0 0 0 0 0 0 0 0 
<YOF>
0 0 0 0 0 0 0 0 0 
<lnGmM>
0 0 0 0 0 0 0 0 0 0 0 0 0 0 0 0 0 0 0 0 0 0 0 
<fDQF>
0 0 0 0 0 0 0 0 0 0 0 0 0 0 0 0 0 0 0 0 0 0 0 
<FVOL>
1089.48047323247 0 0 0 0 0 1.74185530124571 0 0 
<FWGT>
999.116589581546 0 0 0 0 0 5.88341041845345 0 0 
<Y_la>
-16.2931536266796 -9.61315037417756 -7.59231304679289 -6.667440882823 -61.5964796198415 -24.3014452064309 -32.051357108024 -12.5816961100472 -12.7843215694145 -36.8693422518979 -5.8494072032383 -5.78918466674788 -2.45572762283174e-08 -9.88196769286577 0.659388089254933 -33.9209052282522 -2.32339831831224 -1.28004195210321 -0.807163117642108 -1.39262469013148 2.19939305244795e-06 -0.450482461228051 -0.461572750352955 
<Y_w>
1.37376478355554e-12 1.48643531781913e-05 0.00199431486110603 0.0204284804239736 0 4.39463536169105e-20 1.32360937810416e-27 1.15250275249408e-08 3.3122704050671e-10 0 0.0240235717675281 0.00164020585752249 999.999951898551 0 0 0 0 0 0 0 585.413971985418 0 0 
<Fx>
-163.141825241144 -277.247006462802 -334.299597073631 -391.35218768446 -3946.5266276814 -440.388831703946 -717.635838166748 -220.194415851973 -27.5879192641397 -85.5895789313667 -57.0525906108291 -13.3301181189939 -70.382708729823 -27.5879192641397 -70.382708729823 -85.5895789313667 -457.451067957793 -334.299597073631 -334.299597073631 -334.299597073631 -263.916888343808 -263.916888343808 -263.916888343808 
<Wx>
9.17224632440154e-19 4.39014713386247e-12 4.60591911866565e-10 3.87347086400225e-09 0 8.99878991563805e-27 1.60060557546459e-34 4.71990474445096e-15 2.96010948097561e-15 0 2.54473088266446e-08 2.93163801009518e-08 0.99999994089785 0 0 0 0 0 0 0 1 0 0 
<VL>
-41.5329345461243 -26.1516583737169 -21.4985086886906 -19.3691148677637 -54.7552246294886 -59.9727073963607 -77.8175111194937 -32.9869877767773 -33.4535501404426 -54.7552246294886 -17.4866558430914 -17.3451194293183 -5.91021512543047e-08 0 0 0 0 0 0 0 0 0 0 
<Gamma>
1.00000005910215 1.00000005910215 1.00000005910215 1.00000005910215 1.00000005910215 1.00000005910215 1.00000005910215 1.00000005910215 1.00000005910215 1.00000005910215 1.00000005910215 1.00000005910215 0.999999999999996 1 1 1 1 1 1 1 1 1 1 
<lnGmf>
0 0 0 0 0 0 0 0 0 0 0 0 0 0 0 0 0 0 0 0 0 0 0 
<BF>
2.40614669621866e-07 110.921753201076 55.4608769614598 0 0 0 0 0 
<BFC>
0.0980774368692322 0.0980774368692322 0.196154873738464 0 
<XFA>
55.4608746137036 0 
<YFA>
55.4608729116868 0 
<PUL>
1000000 1000000 
<PLL>
0 0 
<Y_m>
5.09150646844183e-17 2.43696710041535e-10 2.55674195354061e-08 2.15016052359182e-07 0 4.9952209571312e-25 8.88494852043098e-33 2.62001528162943e-13 1.64315436335239e-13 0 1.41257804154918e-06 1.62734987304252e-06 55.50837344 0 0 0 0 0 0 0 0.0981615431311214 0 0 
<IC_m>
2.40827430657073e-07 3.97718236668713e-06 2.34983216501374e-06 0 
<IC_lm>
-6.61829403394623 -5.4004244835176 -5.62896314406847 0 
<IC_wm>
6.49788515838025e-06 4.00860191304721e-06 3.75949620495093e-05 0 
<Aalp>
0 0 0 0 0 0 0 0 0 
<Xr0h0>
0 0 0 0 0 0 0 0 0 0 0 0 0 0 0 0 0 0 
<Sigw>
0 0 0 0 0 0 0 0 0 
<Sigg>
0 0 0 0 0 0 0 0 0 
<EZ>
3 1 0 -1 7 4 5 2 0 0 -1 1 0 0 0 0 0 0 0 0 0 0 0 
<Xcond>
0 0 0 0 0 0 0 0 0 
<Xeps>
0 0 0 0 0 0 0 0 0 
<Fug>
1.31229745074271e-10 4.5644461652681 0 
<Fug_l>
-9.88196767152046 0.659388086327876 -33.9209051515552 
<Ppg_l>
-9.88196767152046 0.659388086327876 -33.9209051515552 
<sMod>
'SNNSNNNN' 'INNINNNN' 
<LsMod>
0 2 2 0 0 0 
<IPxPH>

<PMc>

<LsMdc>
0 0 0 0 0 0 
<DMc>

<MoiSN>

<SitFr>

<LsMdc2>
0 0 0 0 0 0 
<DQFc>

<LsPhl>
0 0 0 0 0 0 0 0 0 0 0 0 0 0 0 0 0 0 
<PhLin>

<lPhc>

<lnDQFt>
0 0 0 0 0 0 0 0 0 0 0 0 0 0 0 0 
<lnRcpt>
0 0 0 0 0 0 0 0 0 0 0 0 0 0 0 0 
<lnExet>
0 0 0 0 0 0 0 0 0 0 0 0 0 0 0 0 
<lnCnft>
0 0 0 0 0 0 0 0 0 0 0 0 0 0 0 0 
<SorMc>
0 0 0 0 0 0 0 0 0 0 0 0 0 0 0 0 
0 0 0 0 0 0 0 0 0 0 0 0 0 0 0 0 
<LsISmo>
0 0 0 0 0 0 0 0 
<xSMd>

<IsoPc>

<IsoSc>

<IsoCt>

<LsESmo>
0 0 0 0 0 0 0 0 
<EImc>

<mCDc>

<lnScalT>
0 0 0 0 0 0 0 0 0 0 0 0 0 0 0 0 
<lnSACT>
0 0 0 0 0 0 0 0 0 0 0 0 0 0 0 0 
<lnGammF>
0 0 0 0 0 0 0 0 0 0 0 0 0 0 0 0 
<CTerms>
0 0 0 0 0 0 0 0 0 0 0 0 0 0 0 0 
<kMod>
'NNNNNN' 'NNNNNN' 'NNNNNN' 'NNNNNN' 'NNNNNN' 'NNNNNN' 'NNNNNN' 'NNNNNN' 'NNNNNN' 
<LsKin>
0 0 0 0 0 0 0 0 0 0 0 0 0 0 0 0 0 0 0 0 0 0 0 0 0 0 0 0 0 0 0 0 0 0 0 0 0 0 0 0 
0 0 0 0 0 0 0 0 0 0 0 0 0 0 
<xSKrC>

<ocPRkC>

<feSArC>

<rpConC>

<apConC>

<AscpC>

<LsUpt>
0 0 0 0 
<UMpcC>

<PfFact>
1 1 1 1 1 1 1 1 1 
<PrT>
0 0 0 0 0 0 0 0 0 
<PkT>
0 0 0 0 0 0 0 0 0 
<PvT>
0 0 0 0 0 0 0 0 0 
<emRd>
0 0 0 0 0 0 0 0 0 0 0 0 0 0 0 0 
<emDf>
0 0 0 0 0 0 0 0 0 0 0 0 0 0 0 0 
<Wb>
0 0 0 0 0 0 0 0 0 0 0 0 0 0 0 0 
<Wabs>
0 0 0 0 0 0 0 0 0 0 0 0 0 0 0 0 
<Rion>
0 0 0 0 0 0 0 0 0 0 0 0 0 0 0 0 
<Qp>
0 0 0 0 0 0 0 0 0 0 0 0 0 0 0 0 0 0 0 0 0 0 0 0 0 0 0 0 0 0 0 0 0 0 0 0 0 0 0 0 
0 0 0 0 0 0 0 0 0 0 0 0 0 0 0 0 0 0 0 0 0 0 0 0 0 0 0 0 0 0 0 0 0 0 0 0 0 0 0 0 
0 0 0 0 0 0 0 0 0 0 0 0 0 0 0 0 0 0 0 0 0 0 0 0 0 0 0 0 0 0 0 0 0 0 0 0 0 0 0 0 
0 0 0 0 0 0 0 0 0 0 0 0 0 0 0 0 0 0 0 0 0 0 0 0 0 0 0 0 0 0 0 0 0 0 0 0 0 0 0 0 
0 0 0 0 0 0 0 0 0 0 0 0 0 0 0 0 0 0 0 0 0 0 0 0 0 0 0 0 0 0 0 0 0 0 0 0 0 0 0 0 
0 0 0 0 0 0 0 0 0 0 0 0 0 0 0 0 0 0 0 0 0 0 0 0 0 0 0 0 0 0 0 0 0 0 0 0 0 0 0 0 
0 0 0 0 0 0 0 0 0 0 0 0 0 0 0 0 0 0 0 0 0 0 0 0 0 0 0 0 0 0 0 0 0 0 0 0 0 0 0 0 
0 0 0 0 0 0 0 0 0 0 0 0 0 0 0 0 0 0 0 0 0 0 0 0 0 0 0 0 0 0 0 0 0 0 0 0 0 0 0 0 
0 0 0 0 0 0 0 0 0 0 0 0 0 0 0 0 0 0 0 0 0 0 0 0 0 0 0 0 0 0 0 0 0 0 0 0 0 0 0 0 
<Qd>
0 0 0 0 0 0 0 0 0 0 0 0 0 0 0 0 0 0 0 0 0 0 0 0 0 0 0 0 0 0 0 0 0 0 0 0 0 0 0 0 
0 0 0 0 0 0 0 0 0 0 0 0 0 0 0 0 0 0 0 0 0 0 0 0 0 0 0 0 0 0 0 0 0 0 0 0 0 0 0 0 
0 0 0 0 0 0 0 0 0 0 0 0 0 0 0 0 0 0 0 0 0 0 0 0 0 0 0 0 0 0 0 0 0 0 0 0 0 0 0 0 
<H0>
-557716.284788886 -999561.034961595 -1251516.41004795 -1482604.7851343 -14836987.7050189 -1584487.31975048 -2632158.35471208 -778083.65987524 17588.8746128082 16753.7501896878 -244094.813629496 0 -276327.375086354 3634.89548684796 -237600.698403809 3725.50268085985 -1664387.78262136 -1279815.25099691 -1263324.67894304 -1281214.00530815 -995423.112095221 -990113.69345269 -973460.082908437 
<A0>
0 0 0 0 0 0 0 0 0 0 0 0 0 0 0 0 0 0 0 0 0 0 0 
<U0>
0 0 0 0 0 0 0 0 0 0 0 0 0 0 0 0 0 0 0 0 0 0 0 
<S0>
-391.665048938141 -30.5249232901784 51.4518549268694 161.760008265987 294.064635890319 -455.768371886523 -564.316519053654 -202.671920928613 118.268852446154 189.919783711465 -50.1226640628155 0 96.52491969654 140.857825256962 200.663317308918 215.577781462294 82.3764591414486 105.414806091665 153.447972149171 99.9628283122988 52.4632888968952 56.3861877649044 95.5301472216465 
<Cp0>
-208.441689894004 -53.077822697256 24.6041109011179 102.286044499492 -223.920093474085 -261.51951259126 -314.597335288516 -130.75975629563 173.022996902466 233.823870095918 -147.781261230915 0 77.6819335983739 29.2092721159578 34.2506290237861 30.3138847386674 99.1065351846112 119.925066039028 76.0353080497428 37.735304997985 -15.9478216291408 -15.077822697256 7.72217653980454 
<VPh>
0 0 4.03116046585832e-11 0 0 0 0 0 0 0 
<GPh>
0 -0.00393480705828921 -4.24204744539908e-07 0 0 0 -1.02593803392751e-05 0 0 0 
<HPh>
0 0 5.16561453903892e-07 0 0 0 0 0 0 0 
<SPh>
0 9.2988468824039e-06 2.22324518124495e-09 0 0 0 2.42452566212339e-08 0 0 0 
<CPh>
0 0 5.37170166151162e-09 0 0 0 0 0 0 0 
<APh>
0 -0.00393480705828921 -4.24396513670218e-07 0 0 0 -1.02593803392751e-05 0 0 0 
<UPh>
0 0 5.16369684773582e-07 0 0 0 0 0 0 0 