
CASHNK    G  Chen04C-3T  0    0       1       25      0   

<Short_PARAM>
2 2 0 1 130 1 0 30000 1 9999 
<Double_PARAM>
1000 1e-14 1e-20 1e-06 0.01 0.01 1e-05 1e-05 1e-05 1e-05 1e-05 1e-05 1e-06 1e-17 1 -0.0007 1 1000 0.001 12.05 1e-11 1e-11 1e-30 1e-20 1e-05 1e-10 0.001 1e-10 
<Short_Const>
6 6 35 33 13 3 0 0 6 4 0 4 4 0 5818 1 2 1 1 0 0 0 0 2 1 2 0 2 0 1 5818 0 0 0 0 0 1 0 0 
<Double_Const>
25 25 298.15 298.15 1 1 0 25849.267314609 -14941673.267989 0 0 0 0 0 0 0 0 0 0 0 
0 0 0 0 0 0 1.16222240006492 -6027.36874481623 0.00844414393827961 11.7028686063177 8.31943952581613 0.491182656630395 1e-14 1e-20 55.50837344 0 9.99998974293703e-07 1e-06 0 2478.9711565 
38.9215133653371 54.5305321191308 4.01653388216503 0.000167997593716995 1.66e-24 3.9987607671726 -0.938822601125429 0 151.570789020194 0 0 0.00190075559322385 1 
<Add_Double_Const>
1e-11 1e-11 1e-30 1e-20 1e-05 1e-05 1e-05 1e-05 1e-05 1e-05 1e-06 1 
<EpsW>
78.2451456494471 -0.355010888388417 0.00135076186526265 0.00406162824448407 0 
<EpsWg>
4.30454160174552 -0.0179180065190887 0.000166863069781282 0.0051684917135623 0 
<DenW>
0.997061364306278 -0.00025866418191325 -9.46964566451448e-06 4.50858902637571e-05 0 
<DenWg>
0.000767104546309221 -2.22590647810408e-06 1.41386126814825e-08 7.74943697518772e-07 0 
Error Code 
Error Message
<L1>
14 3 8 8 1 1 
<muk>
0 1 2 7 16 21 
<mui>
1 3 7 8 10 12 
<muj>
8 9 10 11 18 19 20 21 27 31 32 41 42 43 44 45 46 48 49 50 51 52 53 54 55 200 201 202 203 204 205 206 207 246 251 
<DUL>
1000000 1000000 1000000 1000000 1000000 1000000 1000000 1000000 1000000 1000000 1000000 1000000 1000000 1000000 1000000 1000000 1000000 1000000 1000000 1000000 1000000 1000000 1000000 1000000 1000000 1000000 1000000 1000000 1000000 1000000 1000000 1000000 1000000 1000000 1000000 
<DLL>
0 0 0 0 0 0 0 0 0 0 0 0 0 0 0 0 0 0 0 0 0 0 0 0 0 0 0 0 0 0 0 0 0 0 0 
<Vol>
-18.4387418380244 5.76247702545953 -6.73655030024401 15.6909537315369 4.52586740947047 -0.00800132751464844 16.0613000392914 34.129695892334 25.2643576113497 33.4069131302658 30.5008890803284 -4.70784300725686 0 18.0683971876364 24789.711565 24789.711565 24789.711565 187.099990844727 153.999996185303 158.100004196167 125 203.099994659424 170 174.099998474121 141.000003814697 187.099990844727 153.999996185303 158.100004196167 125 203.099994659424 170 174.099998474121 141.000003814697 33.0599999427795 29.0000009536743 
<Pparc>
1 1 1 1 1 1 1 1 1 1 1 1 1 1 1 1 1 1 1 1 1 1 1 1 1 1 1 1 1 1 1 1 1 1 1 
<MM>
40.0779991149902 57.0853492021561 117.169650197029 116.161700248718 77.0916510820389 272.336004257202 60.084300994873 76.083701133728 2.0158998966217 28.0133991241455 31.99880027771 17.0073500871658 1.00794994831085 18.0153000354767 2.0158998966217 28.0133991241455 31.99880027771 476.623700141907 402.531000852585 416.539399147034 342.446699857712 456.576900959015 382.484201669693 396.492599964142 322.39990067482 476.623700141907 402.531000852585 416.539399147034 342.446699857712 456.576900959015 382.484201669693 396.492599964142 322.39990067482 74.0926992893219 60.084300994873 
<Awt>
40.0779991149902 1.00794994831085 14.0066995620728 15.999400138855 28.0855007171631 0 
<A>
1 0 0 0 0 2 1 1 0 1 0 1 1 1 0 3 1 1 1 0 0 3 1 0 0 1 0 3 1 -1 0 0 0 10 4 -4 0 0 0 2 
1 0 0 0 0 3 1 -2 0 2 0 0 0 0 0 0 2 0 0 0 0 0 0 2 0 0 0 1 0 1 0 -1 0 1 0 0 0 1 0 2 
0 1 0 0 0 2 0 0 0 0 0 0 2 0 0 0 0 0 0 2 0 0 4 8 0 14 3 0 3 6 0 12 3 0 4 8 0 12 2 0 
3 6 0 10 2 0 3 12 0 15 3 0 2 10 0 13 3 0 3 12 0 13 2 0 2 10 0 11 2 0 4 8 0 14 3 0 3 6 0 12 
3 0 4 8 0 12 2 0 3 6 0 10 2 0 3 12 0 15 3 0 2 10 0 13 3 0 3 12 0 13 2 0 2 10 0 11 2 0 1 2 
0 2 0 0 0 0 0 2 1 0 
<XFs>
54.5396946565952 1.00036130545636 1.30787769713727e-05 0.391088030995998 0 0 
<Falps>
0.00724224072225822 -5.58382247613979e-11 -0.000259667266250674 -7.62514566510574e-06 -2.10752174711769 -3.66698649644067 
<G>
-218.975906934183 -285.226223789831 -631.020485180335 -608.155534985615 -405.265543246705 -1448.52775775013 -332.175629208772 -374.572546408746 11.1681231885954 11.3558687280263 10.6507375003278 -59.4252910675832 4.01635104063552 -95.6773475216673 0 0 0 -2511.29181614572 -2149.44867862384 -2152.62802142171 -1797.81402477842 -2437.68676198147 -2067.20749763267 -2079.72876529268 -1720.41650717512 -2511.31320183643 -2149.44916134939 -2152.64588450629 -1797.81221890396 -2437.68542041212 -2067.20893623056 -2079.74729329104 -1720.41594357802 -361.848905602626 -342.441660837452 
<G0>
-218.975169430354 -285.226040948302 -631.020302338805 -608.155534666265 -405.265360405176 -1448.5248015971 -332.175628889423 -374.571808904917 11.1682912003023 11.3558690473755 10.650737819677 -59.4251082260537 4.01653388216503 -95.6773475216673 0 0 0 -2511.30392690392 -2149.44816361763 -2152.62286776026 -1797.81034898863 -2437.68467582007 -2067.2003329136 -2079.7337582899 -1720.41533795877 -2511.30392690392 -2149.44816361763 -2152.62286776026 -1797.81034898863 -2437.68467582007 -2067.2003329136 -2079.7337582899 -1720.41533795877 -361.848905602626 -342.441660837452 
<lnGam>
-0.38800560778928 -0.0961941294053014 -0.0961941294053014 -0.000168011706893852 -0.0961941294053014 -1.5552515213252 -0.000168011706893852 -0.38800560778928 -0.000168011706893852 -0.000168011706893852 -0.000168011706893852 -0.0961941294053014 -0.0961941294053014 0 0 0 0 6.37154942304092 -0.270948147359612 -2.71137513410419 -1.93385715271179 -1.09754321129428 -3.76940575663198 2.62684862655258 -0.615132397978381 -4.87960290110199 -0.52491323121493 -12.1092612386695 -0.983774737819229 -0.391734766517553 -4.52626155175586 -7.12085298562429 -0.318620261140001 0 0 
<lnGmo>
-0.388173605382997 -0.0963621269990184 -0.0963621269990184 -0.000336009300610848 -0.0963621269990184 -1.55541951891891 -0.000336009300610848 -0.388173605382997 -0.000336009300610848 -0.000336009300610848 -0.000336009300610848 -0.0963621269990184 -0.0963621269990184 2.82279337682212e-08 0 0 0 6.37154942304092 -0.270948147359612 -2.71137513410419 -1.93385715271179 -1.09754321129428 -3.76940575663198 2.62684862655258 -0.615132397978381 -4.87960290110199 -0.52491323121493 -12.1092612386695 -0.983774737819229 -0.391734766517553 -4.52626155175586 -7.12085298562429 -0.318620261140001 0 0 
<B>
1.00000002513381 113.016746705914 2 59.5103733770907 1.000000001 0 
<U>
-267.586116608583 -46.1030683262677 -0.000499427478251758 -3.45470025483067 -343.975808788245 19.156217474051 
<Uc>
0 0 0 0 0 0 0 0 0 0 0 0 
<Uefd>
0 0 0 0 0 0 
<U_r>
-663338.264952523 -114288.176606966 -1.23806631334964 -8564.10228607844 -852706.108519819 47487.7105858138 
<C>
-1.38777878078145e-16 -1.87627691161651e-14 0 -6.66133814775094e-16 -1.11022302462516e-16 -1.52730240278151e-18 
<XF>
54.5396946565952 1.00036130545636 1.30787769713727e-05 0.391088030995998 0 0 
<YF>
54.5396946565952 1.00036130545636 1.30787769713727e-05 0.391088030995998 0 0 
<Falp>
0.00724224072225822 -5.58382247613979e-11 -0.000259667266250674 -7.62514566510574e-06 -2.10752174711769 -3.66698649644067 
<X>
0.00270699995258131 0.000172202478858883 1.05942151297463e-06 5.70415472450733e-05 3.57468463190655e-05 4.67538027418491e-15 4.08481213246857e-07 1.12927048932361e-06 0 0.000637403700659212 1.28934297853325e-06 0.00554925642036153 2.14346401813582e-12 54.5305321191308 0 0.999362596299341 0.000998709157018473 6.40615528250808e-12 6.25071014782724e-07 2.32037916777885e-11 1.55332121736224e-06 5.00647634915245e-06 1.64852171122827e-06 1.03143841068122e-10 4.24525392505898e-06 0.0147346895702162 0.0240809338163179 0.00836484707854384 0.0179520010500889 0.0738652851187243 0.105014207306523 0.0527560238740794 0.0943200431815049 0 0 
<Y>
0.00270699995258131 0.000172202478858883 1.05942151297463e-06 5.70415472450733e-05 3.57468463190655e-05 4.67538027418491e-15 4.08481213246857e-07 1.12927048932361e-06 0 0.000637403700659212 1.28934297853325e-06 0.00554925642036153 2.14346401813582e-12 54.5305321191308 0 0.999362596299341 0.000998709157018473 6.40615528250808e-12 6.25071014782724e-07 2.32037916777885e-11 1.55332121736224e-06 5.00647634915245e-06 1.64852171122827e-06 1.03143841068122e-10 4.24525392505898e-06 0.0147346895702162 0.0240809338163179 0.00836484707854384 0.0179520010500889 0.0738652851187243 0.105014207306523 0.0527560238740794 0.0943200431815049 0 0 
<XY>
0 0 0 0 0 0 0 0 0 0 0 0 0 0 0 0 0 0 0 0 0 0 0 0 0 0 0 0 0 0 0 0 0 0 0 
<XU>
0 0 0 0 0 0 0 0 0 0 0 0 0 0 0 0 0 0 0 0 0 0 0 0 0 0 0 0 0 0 0 0 0 0 0 
<MU>
0 0 0 0 0 0 0 0 0 0 0 0 0 0 0 0 0 0 0 0 0 0 0 0 0 0 0 0 0 0 0 0 0 0 0 
<EMU>
4.96335957132158e-05 3.15737797022622e-06 1.94247749200166e-08 1.04587210077648e-06 6.55428374410514e-07 8.57247219869147e-17 7.48961548718843e-09 2.07055103788718e-08 1.27345482115949e-45 1.16869714642629e-05 2.36404572872849e-08 0.000101747154458535 3.9300994920795e-14 1.01664769639632 9.02368107038514e-41 0.999001643735128 0.000998356136299684 4.89507781135889e-07 0.047764268774709 1.77308294189718e-06 0.118697889413523 0.382555747009641 0.125970506476236 7.88158960471343e-06 0.324403716879315 0.0376767097152213 0.0615741985846634 0.0213884409189007 0.0459015601056397 0.188871320957351 0.268514146333018 0.134892200306578 0.24116386568602 0.00780689346460951 0.000215284867241073 
<NMU>
-9.91084262059207 -12.6657686310612 -17.756716527889 -13.77065947439 -14.2379768083468 -36.9953904186297 -18.709748377559 -17.6928659702227 -103.374595646045 -11.3570358866811 -17.5603063008018 -9.19301970004211 -30.8675265603052 0.01651064249482 -92.2061364610023 -0.000998854954428653 -6.90940049530894 -14.5298654790125 -3.04147743418696 -13.2427907514265 -2.13117375837107 -0.960880892519089 -2.07170747501606 -11.7509809479521 -1.1257664991021 -3.27871315486962 -2.78751235033164 -3.84490464686124 -3.08125617326364 -1.66668933729581 -1.31485167989217 -2.00327933577519 -1.42227863594048 -4.85274815807396 -8.44354844291476 
<W>
7.32784874327522e-06 2.96536937251442e-08 1.12237394215346e-12 3.25373811211192e-09 1.27783702175889e-09 2.18591807082374e-29 1.66856901575625e-13 1.27525183805719e-12 0 4.06283477614058e-07 1.662405316293e-12 3.07942468189237e-05 4.59443799704294e-24 2973.57893319556 0 0.998725598882159 9.9741998031255e-07 4.10388255036061e-23 3.90713773521505e-13 5.38415948226208e-22 2.41280680430772e-12 2.50648054346229e-11 2.71762383239098e-12 1.0638651950286e-20 1.80221808882287e-11 0.000217111076730637 0.000579891373465883 6.99706666474233e-05 0.000322274341702393 0.00545608034567043 0.0110279837362174 0.00278319805500244 0.00889627054576094 0 0 
<F>
-228.886413989629 -297.891656130253 -648.776865491202 -621.925858411805 -419.503184523851 -1485.52281641312 -350.885041891659 -392.265077896713 0 -0.000831391684088745 -6.90923305755517 -68.617975175675 -26.8508396244576 -95.6775155616021 0 -0.000998847130021822 -6.90940819602039 -2525.82105825056 -2152.48955947383 -2165.87020711791 -1799.94462025691 -2438.64702047528 -2069.27860951687 -2091.47914215935 -1721.54169637764 -2514.59192996583 -2152.23667362781 -2156.49077913098 -1800.89344999398 -2439.35211012721 -2068.52377325973 -2081.75054800639 -1721.83818254183 0 0 
<F0>
-0.000737503829207693 -0.000182841529502425 -0.000182841529502425 -3.19349191605576e-07 -0.000182841529502425 -0.00295615302802876 -3.19349191605576e-07 -0.000737503829207693 -0.000168011706893852 -3.19349191605576e-07 -3.19349191605576e-07 -0.000182841529502425 -0.000182841529502425 0 0 0 0 0.0121107582033472 -0.000515006206567422 -0.0051536614514766 -0.00367578979951289 -0.00208616139767246 -0.00716471907504841 0.0049929972194722 -0.00116921634603061 -0.00927493250698092 -0.000997731760188982 -0.0230167460292097 -0.00186991533538222 -0.000744592048518476 -0.00860331696089401 -0.0135350011409501 -0.0006056192434763 0 0 
<YOF>
0 0 0 0 0 0 
<lnGmM>
0 0 0 0 0 0 0 0 0 0 0 0 0 0 0 0 0 0 0 0 0 0 0 0 0 0 0 0 0 0 0 0 0 0 0 
<fDQF>
0 0 0 0 0 0 0 0 0 0 0 0 0 0 0 0 0 0 0 0 0 0 0 0 0 0 0 0 0 0 0 0 0 0 0 
<FVOL>
985.226694596611 24798.66822305 0.00218609374082797 65.3702108686291 0 0 
<FWGT>
982.624110270001 28.0275007747267 0.00506863821093102 151.565720381983 0 0 
<Y_la>
-2.72822852715121 -3.79794557672875 -6.00891615597228 -4.2360899600557 -4.48074691252525 -14.9978266399249 -6.38110901632607 -6.10791832592929 -43.1505849961162 -3.18786655452492 -5.88191266512429 -2.28974987895562 -11.7028686063177 0.00717046866892328 -40.044616262528 -0.000433797194928972 -3.00071450836451 -3.54311164472201 -1.43856815177712 -6.92880620743718 -1.76542049344487 -0.89396222970048 -2.53676324467025 -3.96256031932866 -0.756062784551553 -3.54311164472201 -1.43856815177712 -6.92880620743718 -1.76542049344487 -0.89396222970048 -2.53676324467025 -3.96256031932866 -0.756062784551553 -2.10752174711224 -3.66698649643119 
<Y_w>
110.409606857725 10.0040682254735 0.126327093737133 6.74321242838691 2.80451433555345 1.29578988439903e-09 0.0249773111721543 0.0874383983772065 0 18.1715918459069 0.0419869897637833 96.0470496074114 2.19870897091312e-09 999.755539226903 0 0 0 0 0 0 0 0 0 0 0 0 0 0 0 0 0 0 0 0 0 
<Fx>
-229.273681660481 -297.98766771563 -648.872877013537 -621.92602616132 -419.599195353056 -1487.07510759749 -350.885209297906 -392.652344500839 -92.2061366525355 -0.000998854956503517 -6.90940050966135 -68.7139860551494 -26.9468508522167 -95.6608369073661 -92.2061366525355 -0.000998854956503517 -6.90940050966135 -2519.46224297684 -2152.76058920606 -2168.57703367893 -1801.87537990815 -2439.74309992816 -2073.04144615738 -2088.85789063025 -1722.15623685947 -2519.46224297684 -2152.76058920606 -2168.57703367893 -1801.87537990815 -2439.74309992816 -2073.04144615738 -2088.85789063025 -1722.15623685947 -366.70165377078 -350.885209297906 
<Wx>
4.96335736682378e-05 3.15737885852025e-06 1.94247789549464e-08 1.0458721414601e-06 6.55428061050629e-07 8.57243573441888e-17 7.48961313074498e-09 2.07054787606343e-08 0 1.168696863216e-05 2.36404509898982e-08 0.000101747111994337 3.93009904370013e-14 0.999832002406283 0 0.999001651551723 0.000998348448276763 4.89813022771938e-07 0.0477927726843957 1.77415607962257e-06 0.118766549866414 0.382793923324085 0.126045555699636 7.88635216380608e-06 0.324591048104203 0.0376761455283886 0.0615742030125292 0.0213886552785591 0.0459027114799956 0.188871249602318 0.268518080287651 0.134895521450052 0.241173433360506 0 0 
<VL>
-9.91084306474653 -12.6657683497221 -17.7567163201682 -13.7706594354907 -14.2379772864462 -36.995394672286 -18.7097486921872 -17.6928674972684 -54.7552246294886 -11.357036129011 -17.5603065671836 -9.19302011739243 -30.8675266743937 -0.000168011706893418 -54.7552246294886 -0.000998847130021767 -6.90940819602039 -14.529242104844 -3.04088084998768 -13.2421856961981 -2.13059547848199 -0.960258493813334 -2.07111188420355 -11.7503768666703 -1.12518920251914 -3.2787281294006 -2.78751227842058 -3.84489462469156 -3.08123109002217 -1.66668971509297 -1.31483702917127 -2.00325471535546 -1.42223896380852 0 0 
<Gamma>
0.678522519457357 0.908440276568386 0.908440276568386 0.999999985886823 0.908440276568386 0.211171744052315 0.999999985886823 0.678522519457357 0.999999985886823 0.999999985886823 0.999999985886823 0.908440276568386 0.908440276568386 0.999999971772067 1 1 1 584.963482988085 0.762656041109247 0.0664453725644368 0.144589418059721 0.333689883013583 0.0230657658938915 13.8301172910112 0.540569320286046 0.00760003139253257 0.591606695134004 5.50826294954e-06 0.373897068328836 0.675883357085464 0.0108210545015836 0.000808077178851428 0.727151624613737 1 1 
<lnGmf>
0 0 0 0 0 0 0 0 0 0 0 0 0 0 0 0 0 6.90775527898214 0 0 6.90775527898214 0 0 6.90775527898214 6.90775527898214 6.90775527898214 0 0 6.90775527898214 0 0 6.90775527898214 6.90775527898214 0 0 
<BF>
0.00293730340019824 109.066822503431 0.00127480740131842 54.5365419049352 9.53855667983854e-05 1.52730240278151e-18 0 0 1.99872519259868 0.00199741831403695 0 0 3.33425848877778e-05 0.00013208730055124 0 0.000166261494011526 3.34376294240641e-05 0 0.997029379148727 3.94979211518244 0 4.9716677923475 0.999871177803778 0 
<BFC>
0.997062721733615 3.94992420248299 0 4.97183405384152 0.999904615433202 0 
<XFA>
54.5305321191308 0 0 0 
<YFA>
54.5305321191308 0 0 0 
<PUL>
1000000 1000000 1000000 1000000 
<PLL>
0 0 0 0 
<Y_m>
0.00275554186122226 0.000175290412786825 1.0784190538671e-06 5.80644159645456e-05 3.63878585756662e-05 4.7592191682029e-15 4.15806096173458e-07 1.1495205616856e-06 0 0.000648833620403133 1.3124634699138e-06 0.00564876565674903 2.18190060342068e-12 55.50837344 0 0 0 6.52103042469886e-12 6.36279784869607e-07 2.3619881945789e-11 1.58117536510663e-06 5.09625245621218e-06 1.67808299371841e-06 1.04993415873334e-10 4.3213797956898e-06 0.0149989119446156 0.0245127529924452 0.00851484547152311 0.0182739162367015 0.0751898370155766 0.106897321509098 0.0537020446114323 0.0960113896903073 0 0 
<IC_m>
0.0029899751090275 0.00586152234934729 0.00129766724080627 0.00611755325118292 9.70960202709748e-05 9.77168307520212e-19 
<IC_lm>
-2.52433242182911 -2.231989570115 -2.88683665284822 -2.21342223697312 -4.01279856205277 0 
<IC_wm>
0.119802925496359 0.00590667684518386 0.0181715918459069 0.0978532552047662 0.0027263237047857 0 
<Aalp>
0 0 1 1 0 0 
<Xr0h0>
0 0 0 0 0 0 0 0 0 0 0 0 
<Sigw>
0 0 0 0 0 0 
<Sigg>
0 0 0 0 0 0 
<EZ>
2 1 1 0 -1 -4 0 -2 0 0 0 -1 1 0 0 0 0 0 0 0 0 0 0 0 0 0 0 0 0 0 0 0 0 0 0 
<Xcond>
0 0 0 0 0 0 
<Xeps>
0 0 0 0 0 0 
<Fug>
0 0.999001643733055 0.000998356121970875 
<Fug_l>
-40.0446161703218 -0.000433797193930117 -3.00071450145511 
<Ppg_l>
-40.0446161703218 -0.000433797193930117 -3.00071450145511 
<sMod>
'HNNSNNNN' 'INNINNNN' 'BNNSNRNN' 'BNNSNRNN' 
<LsMod>
2 0 4 0 0 0 3 4 3 3 4 3 
<IPxPH>
0 0 5 -1 1 1 4 -1 2 2 3 -1 0 0 5 -1 1 1 4 -1 2 2 3 -1 
<PMc>
0.0640000030398369 3.72000002861023 0 0 0 0 0 0 -2290 0 0 -10770 0 0 -19280 0 0 -2290 0 0 -10772 0 0 -19284 0 0 
<LsMdc>
0 0 0 0 0 0 0 3 6 0 3 6 
<DMc>

<MoiSN>
1 0 0 0 0 0 0 1 0 0 0 0 0 0 1 0 0 0 1 0 0 0 0 0 0 1 0 0 0 0 0 0 0 1 0 0 1 0 0 0 
0 0 0 0 0 0 1 0 0 0 1 0 0 0 1 0 0 0 0 0 0 0 0 0 1 0 0 0 0 1 0 0 0 0 0 0 0 1 0 1 
0 0 0 0 0 0 1 0 0 0 0 0 0 0 0 1 0 1 0 0 0 0 0 0 0 1 0 0 0 0 0 0 0 1 0 0 0 0 1 0 
0 0 1 0 0 0 0 0 0 0 0 1 0 0 0 0 1 0 0 0 0 1 0 0 1 0 0 0 0 0 0 1 0 0 0 0 0 0 1 0 
0 0 1 0 0 0 0 0 0 1 0 0 0 0 0 0 0 1 0 0 1 0 0 0 0 0 0 0 0 0 1 0 0 0 1 0 0 0 1 0 
0 0 0 0 0 0 0 0 1 0 0 0 0 1 0 0 0 0 0 0 0 1 0 1 0 0 0 0 0 0 1 0 0 0 0 0 0 0 0 1 
0 1 0 0 0 0 0 0 0 1 0 0 0 0 0 0 0 1 0 0 0 0 1 0 0 0 1 0 0 0 0 0 0 0 0 1 0 0 0 0 
1 0 0 0 0 1 0 0 
<SitFr>
0.166561586519912 0 0 0 0 0.833438413480088 0 0.556632741521139 0 0 0.443367258478861 0 0 0 0.382804073645352 0.617195926354648 0 0 0.166541715299472 0 0 0 0 0.833458284700528 0 0.556639678430887 0 0 0.443360321569113 0 0 0 0.382831571859318 0.617168428140682 0 0 
<LsMdc2>
0 0 0 0 0 0 0 0 0 0 0 0 
<DQFc>

<LsPhl>
0 0 0 0 0 0 0 0 0 0 0 0 
<PhLin>

<lPhc>

<lnDQFt>
0 0 0 0 0 0 0 0 0 0 0 0 0 0 0 0 0 0 0 0 0 0 0 0 0 0 0 0 0 0 0 0 0 
<lnRcpt>
0 0 0 0 0 0 0 0 0 0 0 0 0 0 0 0 0 -0.36086631139051 2.18437025693675 -7.43714033250399 2.15134075047604 3.51278895930454 -2.5705540925519 -2.83334344831974 2.24923607517189 -0.360956563439686 2.18448783760687 -7.43700749296795 2.15168142273114 3.51253441473273 -2.57060080440442 -2.83337490130634 2.24941245490436 
<lnExet>
0 0 0 0 0 0 0 0 0 0 0 0 0 0 0 0 0 -4.45835463624237 -2.63539073914903 -4.9504415446224 -3.12747764752905 -3.84231361061989 -2.01934971352655 -4.33440051899992 -2.51143662190657 -4.45886771650175 -2.63595343019355 -4.95110629253983 -3.12819200623163 -3.8427899779916 -2.0198756916834 -4.33502855402968 -2.51211426772148 
<lnCnft>
0 0 0 0 0 0 0 0 0 0 0 0 0 0 0 0 0 11.1907703706738 0.180072334852668 9.67620674302219 -0.95772025565878 -0.768018559978927 0.820498049446465 9.79459259387224 -0.352931851243701 -0.059778621160552 -0.0734476386282479 0.278852546838321 -0.00726415431874505 -0.0614792032586777 0.0642149443319529 0.0475504697117355 -0.0559184483228843 
<SorMc>
0 0 0 0 0 0 0 0 0 0 0 0 0 0 0 0 
0 0 0 0 0 0 0 0 0 0 0 0 0 0 0 0 
0 0 0 0 0 0 0 0 0 0 0 0 0 0 0 0 
0 0 0 0 0 0 0 0 0 0 0 0 0 0 0 0 
<LsISmo>
0 0 0 0 0 0 0 0 0 0 0 0 0 0 0 0 
<xSMd>

<IsoPc>

<IsoSc>

<IsoCt>

<LsESmo>
0 0 0 0 0 0 0 0 0 0 0 0 0 0 0 0 
<EImc>

<mCDc>

<lnScalT>
0 0 0 0 0 0 0 0 0 0 0 0 0 0 0 0 0 0 0 0 0 0 0 0 0 0 0 0 0 0 0 0 0 
<lnSACT>
0 0 0 0 0 0 0 0 0 0 0 0 0 0 0 0 0 0 0 0 0 0 0 0 0 0 0 0 0 0 0 0 0 
<lnGammF>
0 0 0 0 0 0 0 0 0 0 0 0 0 0 0 0 0 0 0 0 0 0 0 0 0 0 0 0 0 0 0 0 0 
<CTerms>
0 0 0 0 0 0 0 0 0 0 0 0 0 0 0 0 0 0 0 0 0 0 0 0 0 0 0 0 0 0 0 0 0 
<kMod>
'NNNNNN' 'NNNNNN' 'NNNNNN' 'NNNNNN' 'NNNNNN' 'NNNNNN' 
<LsKin>
0 0 0 0 0 0 0 0 0 0 0 0 0 0 0 0 0 0 0 0 0 0 0 0 0 0 0 0 0 0 0 0 0 0 0 0 
<xSKrC>

<ocPRkC>

<feSArC>

<rpConC>

<apConC>

<AscpC>

<LsUpt>
0 0 0 0 0 0 0 0 
<UMpcC>

<PfFact>
1 1 1 1 1 1 
<PrT>
0 0 0 0 0 0 
<PkT>
0 0 0 0 0 0 
<PvT>
0 0 0 0 0 0 
<emRd>
0 0 0 0 0 0 0 0 0 0 0 0 0 0 0 0 0 0 0 0 0 0 0 0 0 0 0 0 0 0 0 0 0 
<emDf>
0 0 0 0 0 0 0 0 0 0 0 0 0 0 0 0 0 0 0 0 0 0 0 0 0 0 0 0 0 0 0 0 0 
<Wb>
0 0 0 0 0 0 0 0 0 0 0 0 0 0 0 0 0 0 0 0 0 0 0 0 0 0 0 0 0 0 0 0 0 
<Wabs>
0 0 0 0 0 0 0 0 0 0 0 0 0 0 0 0 0 0 0 0 0 0 0 0 0 0 0 0 0 0 0 0 0 
<Rion>
0 0 0 0 0 0 0 0 0 0 0 0 0 0 0 0 0 0 0 0 0 0 0 0 0 0 0 0 0 0 0 0 0 
<Qp>
0 0 0 0 0 0 0 0 0 0 0 0 0 0 0 0 0 0 0 0 0 0 0 0 0 0 0 0 0 0 0 0 0 0 0 0 0 0 0 0 
0 0 0 0 0 0 0 0 0 0 0 0 0 0 0 0 0 0 0 0 0 0 0 0 0 0 0 0 0 0 0 0 0 0 0 0 0 0 0 0 
0 0 0 0 0 0 0 0 0 0 0 0 0 0 0 0 0 0 0 0 0 0 0 0 0 0 0 0 0 0 0 0 0 0 0 0 0 0 0 0 
0 0 0 0 0 0 0 0 0 0 0 0 0 0 0 0 0 0 0 0 0 0 0 0 0 0 0 0 0 0 0 0 0 0 0 0 0 0 0 0 
0 0 0 0 0 0 0 0 0 0 0 0 0 0 0 0 0 0 0 0 0 0 0 0 0 0 0 0 0 0 0 0 0 0 0 0 0 0 0 0 
0 0 0 0 0 0 0 0 0 0 0 0 0 0 0 0 0 0 0 0 0 0 0 0 0 0 0 0 0 0 0 0 0 0 0 0 0 0 0 0 
0 0 0 0 0 0 0 0 0 0 0 0 0 0 0 0 0 0 0 0 0 0 0 0 0 0 0 0 0 0 0 0 0 0 0 0 0 0 0 0 
0 0 0 0 0 0 0 0 0 0 0 0 0 0 0 0 0 0 0 0 0 0 0 0 0 0 0 0 0 0 0 0 0 0 0 0 0 0 0 0 
0 0 0 0 0 0 0 0 0 0 0 0 0 0 0 0 0 0 0 0 0 0 0 0 0 0 0 0 0 0 0 0 0 0 0 0 0 0 0 0 
0 0 0 0 0 0 0 0 0 0 0 0 0 0 0 0 0 0 0 0 0 0 0 0 0 0 0 0 0 0 0 0 0 0 0 0 0 0 0 0 
0 0 0 0 0 0 0 0 0 0 0 0 0 0 0 0 0 0 0 0 0 0 0 0 0 0 0 0 0 0 0 0 0 0 0 0 0 0 0 0 
0 0 0 0 0 0 0 0 0 0 0 0 0 0 0 0 0 0 0 0 0 0 0 0 0 0 0 0 0 0 0 0 0 0 0 0 0 0 0 0 
0 0 0 0 0 0 0 0 0 0 0 0 0 0 0 0 0 0 0 0 0 0 0 0 0 0 0 0 0 0 0 0 0 0 0 0 0 0 0 0 
0 0 0 0 0 0 0 0 0 0 0 0 0 0 0 0 0 0 0 0 0 0 0 0 0 0 0 0 0 0 0 0 0 0 0 0 0 0 0 0 
0 0 0 0 0 0 0 0 0 0 0 0 0 0 0 0 0 0 0 0 0 0 0 0 0 0 0 0 0 0 0 0 0 0 0 0 0 0 0 0 
0 0 0 0 0 0 0 0 0 0 0 0 0 0 0 0 0 0 0 0 0 0 0 0 0 0 0 0 0 0 0 0 0 0 0 0 0 0 0 0 
0 0 0 0 0 0 0 0 0 0 0 0 0 0 0 0 0 0 0 0 0 0 0 0 0 0 0 0 0 0 0 0 0 0 0 0 0 0 0 0 
0 0 0 0 0 0 0 0 0 0 0 0 0 0 0 0 0 0 0 0 0 0 0 0 0 0 0 0 0 0 0 0 0 0 0 0 0 0 0 0 
<Qd>
0 0 0 0 0 0 0 0 0 0 0 0 0 0 0 0 0 0 0 0 0 0 0 0 0 0 0 0 0 0 0 0 0 0 0 0 0 0 0 0 
0 0 0 0 0 0 0 0 0 0 0 0 0 0 0 0 0 0 0 0 0 0 0 0 0 0 0 0 0 0 0 0 0 0 0 0 0 0 0 0 
0 0 0 0 0 0 0 0 0 0 0 0 0 0 0 0 0 0 0 0 0 0 0 0 0 0 0 0 0 0 0 0 0 0 0 0 0 0 0 0 
0 0 0 0 0 0 0 0 0 0 0 0 0 0 0 0 0 0 0 0 0 0 0 0 0 0 0 0 0 0 0 0 0 0 0 0 0 0 0 0 
0 0 0 0 0 0 0 0 0 0 0 0 0 0 0 0 0 0 0 0 0 0 0 0 0 0 0 0 0 0 0 0 0 0 0 0 0 0 0 0 
0 0 0 0 0 0 0 0 0 0 0 0 0 0 0 0 0 0 0 0 0 0 0 0 0 0 0 0 0 0 0 0 0 0 0 0 0 0 0 0 
<H0>
-543068.999361896 -751648.99976801 -1686477.75652809 -1668066.6633423 -1144679.99919977 -4123200.68 -887859.67 -1098740.67 -4018.00010780252 -10367.857167558 -12237.0002033806 -230008.999110235 0 -285837.30429999 0 0 0 -6781850.46956873 -5796631.98909101 -5837160.52338238 -4869932.04290466 -6673482.07989836 -5667403.59487124 -5731586.13371201 -4753187.64868488 -6781850.46956873 -5796631.98909101 -5837160.52338238 -4869932.04290466 -6673482.07989836 -5667403.59487124 -5731586.13371201 -4753187.64868488 -984675 -903449 
<A0>
0 0 0 0 0 0 0 0 0 0 0 0 0 0 0 0 0 0 0 0 0 0 0 0 0 0 0 0 0 0 0 0 0 0 0 
<U0>
0 0 0 0 0 0 0 0 0 0 0 0 0 0 0 0 0 0 0 0 0 0 0 0 0 0 0 0 0 0 0 0 0 0 0 
<S0>
-56.4839968375186 28.0328022458428 -8.32599817558756 -136.683990478516 20.9200054971221 -389.760986328125 41.3380012512207 -80.1999816894531 57.738997682742 95.8140017788409 108.951399378967 -10.7110335158716 0 69.9241798936394 130.682998657227 191.610000610352 205.136993408203 318.600006103516 235.199996948242 277.600006103516 194.199996948242 389 305.600006103516 348 264.600006103516 318.600006103516 235.199996948242 277.600006103516 194.199996948242 389 305.600006103516 348 264.600006103516 83.3999862670898 41 
<Cp0>
-30.9225151431658 6.04920540984215 137.795712496908 88.9034271240234 -87.1999486422324 328.582702636719 44.4654159545898 119.825942993164 166.852112064487 234.155323405206 234.132884195387 -136.338084390688 0 75.3605258482016 28.8176721007834 29.1347219290407 29.3221550499352 455.299987792969 367.790008544922 410.869995117188 323.369995117188 549.909973144531 462.399993896484 505.480010986328 418 455.299987792969 367.790008544922 410.869995117188 323.369995117188 549.909973144531 462.399993896484 505.480010986328 418 87.5053369412958 44.4252488950639 
<VPh>
0 0 0 0 0 0 0 0 0 0 0 0 0 0 0 0 0 0 0 0 
<GPh>
0 0 0 0 0 0 0 0 0 0 0 0 0 0 0 0 0 0 0 0 
<HPh>
0 0 0 0 0 0 0 0 0 0 0 0 0 0 0 0 0 0 0 0 
<SPh>
0 0 0 0 0 0 0 0 0 0 0 0 0 0 0 0 0 0 0 0 
<CPh>
0 0 0 0 0 0 0 0 0 0 0 0 0 0 0 0 0 0 0 0 
<APh>
0 0 0 0 0 0 0 0 0 0 0 0 0 0 0 0 0 0 0 0 
<UPh>
0 0 0 0 0 0 0 0 0 0 0 0 0 0 0 0 0 0 0 0 