
Kaolinite G  pHtitrKa    0    0       1       25      0   

<Short_PARAM>
2 2 -5 1 130 1 0 30000 1 9999 
<Double_PARAM>
1000 1e-15 1e-20 1e-06 0.01 0.01 1e-05 1e-05 1e-05 1e-05 1e-05 1e-05 1e-06 1e-17 1 0 1 1000 0.001 12.05 1e-13 1e-13 1e-33 1e-20 1e-05 1e-10 0.001 1e-10 
<Short_Const>
8 8 27 23 19 3 0 0 6 2 0 5 2 0 49 1 2 1 1 0 0 0 0 2 1 2 0 2 0 1 49 0 0 0 0 0 1 0 0 
<Double_Const>
25 25 298.15 298.15 1 1 0 13407.8569607799 -13661180.3337834 0 0 0 0 0 0 0 0 0 0 0 
0 0 0 0 0 0 1.05351311372714 -5510.8266580525 0.298183482362127 3.04521557610128 16.9819231358982 1.00261875751365 1e-15 1e-20 55.50837344 0 9.99998974293703e-07 1e-06 0 2478.9711565 
38.9215133653371 55.5906572153684 4.01653388216503 0.00602188077183163 1.66e-24 4.01801515144215 -0.693449712152482 0 27.6054748428924 0 0 1 1 
<Add_Double_Const>
1e-13 1e-13 1e-33 1e-20 1e-05 1e-05 1e-05 1e-05 1e-05 1e-05 1e-06 1 
<EpsW>
78.2451456494471 -0.355010888388417 0.00135076186526265 0.00406162824448407 0 
<EpsWg>
49.4727255881231 -0.227449367163344 0.00101602966464063 0.00355941047349185 0 
<DenW>
0.997061364306278 -0.00025866418191325 -9.46964566451448e-06 4.50858902637571e-05 0 
<DenWg>
0.000767104546309221 -6.79006507900229e-07 -3.60362852858052e-09 4.1785797082669e-08 0 
Error Code 
Error Message
<L1>
20 3 1 1 1 1 
<muk>
0 1 2 3 4 5 
<mui>
0 1 2 3 4 5 6 7 
<muj>
0 1 2 3 4 5 6 7 8 9 10 11 12 13 14 15 16 17 18 19 20 21 22 23 24 25 26 
<DUL>
1000000 1000000 1000000 1000000 1000000 1000000 1000000 1000000 1000000 1000000 1000000 1000000 1000000 1000000 1000000 1000000 1000000 1000000 1000000 1000000 1000000 1000000 1000000 1.0000000116861e-07 1000000 0 1000000 
<DLL>
0 0 0 0 0 0 0 0 0 0 0 0 0 0 0 0 0 0 0 0 0 0 0 0 0 0 0 
<Vol>
-2.72751155835722 0.307336406943463 13.0094459034099 9.46735262367419 -45.2428720605177 25.5306053161621 -40.7170057296753 3.50925587536806 -1.20796344838775 4.52586740947047 16.0632540244942 34.1316509246826 43.9042028119618 17.340894051096 33.4069131302658 25.2643576113497 30.5008890803284 -4.70784300725686 0 18.0683971876364 24789.711565 24789.711565 24789.711565 31.956000328064 99.3400001525879 22.6900005340576 16.0632538795471 
<Pparc>
1 1 1 1 1 1 1 1 1 1 1 1 1 1 1 1 1 1 1 1 1 1 1 1 1 1 1 
<MM>
43.9888907670975 42.9809408187866 59.9882909059525 58.9803409576416 26.9815406799316 119.064641952515 104.073191761971 39.9971495866776 22.9897994995117 77.0916510820389 60.084300994873 76.083701133728 99.4505996704102 35.4529991149902 28.0133991241455 2.0158998966217 31.99880027771 17.0073500871658 1.00794994831085 18.0153000354767 2.0158998966217 28.0133991241455 31.99880027771 78.0035909414291 258.160483837128 60.084300994873 60.084300994873 
<Awt>
26.9815406799316 35.4529991149902 1.00794994831085 22.9897994995117 14.0066995620728 15.999400138855 28.0855007171631 0 
<A>
1 0 1 0 0 1 0 2 1 0 0 0 0 1 0 1 1 0 1 0 0 2 0 0 1 0 0 0 0 2 0 -1 1 0 0 0 0 0 0 3 
1 0 0 0 0 4 1 -1 1 0 1 0 0 3 1 2 0 0 1 1 0 1 0 0 0 0 0 1 0 0 0 1 0 0 1 0 0 3 1 -1 
0 0 0 0 0 2 1 0 0 0 0 0 0 3 1 -2 0 1 0 0 0 4 0 -1 0 1 0 0 0 0 0 -1 0 0 0 0 2 0 0 0 
0 0 2 0 0 0 0 0 0 0 0 0 0 2 0 0 0 0 1 0 0 1 0 -1 0 0 1 0 0 0 0 1 0 0 2 0 0 1 0 0 
0 0 2 0 0 0 0 0 0 0 0 0 2 0 0 0 0 0 0 0 0 2 0 0 1 0 3 0 0 3 0 0 2 0 4 0 0 9 2 0 
0 0 0 0 0 2 1 0 0 0 0 0 0 2 1 0 
<XFs>
55.927445624794 0.499848757082765 7.77658950631349e-19 0.0997217383838048 0 0.0309775196154606 
<Falps>
-3.28857218938057e-10 6.92236106752309e-10 -1.32557854042227 -2.2778001041609e-08 1.03199988609008 8.42651840511942e-07 
<G>
-276.619806026581 -262.708968940218 -344.632933424274 -330.09942645919 -193.908990118908 -674.581046120052 -618.677436212921 -164.657850281349 -101.941063559577 -405.58195452695 -332.18175994637 -375.820156079896 0.256833741242433 -49.2614270637901 11.3496434011067 11.1623237256537 10.6445767163133 -59.7418637050908 3.69993976039058 -95.6773475216673 0 0 0 -464.299875769854 -1523.90377761945 -344.817735276461 -342.44146965812 
<G0>
-275.371549795734 -262.392374818443 -344.626893338857 -329.782832337415 -191.107963706272 -674.264451998277 -617.429179982074 -164.651810195932 -101.624469437802 -405.265360405176 -332.175719860954 -374.571899849048 0.573427863016876 -48.9448329420157 11.3556834865235 11.1683638110705 10.65061680173 -59.4252695833163 4.01653388216503 -95.6773475216673 0 0 0 -464.299875769854 -1523.90377761945 -344.817735276461 -342.44146965812 
<lnGam>
-1.2482562308474 -0.316594121774443 -0.00604008541679013 -0.316594121774443 -2.80102641263567 -0.316594121774443 -1.2482562308474 -0.00604008541679013 -0.316594121774443 -0.316594121774443 -0.00604008541679013 -1.2482562308474 -0.316594121774443 -0.316594121774443 -0.00604008541679013 -0.00604008541679013 -0.00604008541679013 -0.316594121774443 -0.316594121774443 0 0 0 0 0 0 0 0 
<lnGmo>
-1.25427811161923 -0.322616002546275 -0.0120619661886218 -0.322616002546275 -2.8070482934075 -0.322616002546275 -1.25427811161923 -0.0120619661886218 -0.322616002546275 -0.322616002546275 -0.0120619661886218 -1.25427811161923 -0.322616002546275 -0.322616002546275 -0.0120619661886218 -0.0120619661886218 -0.0120619661886218 -0.322616002546275 -0.322616002546275 3.6482742757471e-05 0 0 0 0 0 0 0 
<B>
0.232413571233674 0.2 111.581574800114 0.100001 1 56.5552353993746 0.232413571233674 0 
<U>
-318.644434336258 -15.7805351024789 -46.1141911474802 -147.357955067712 -0.000499085413565875 -3.45504179475497 -335.531384128333 39.1023231444156 
<Uc>
0 0 0 0 0 0 0 0 0 0 0 0 0 0 0 0 
<Uefd>
0 0 0 0 0 0 0 0 
<U_r>
-789910.361898841 -39119.4913531809 -114315.749759931 -365296.120293681 -1.23721834485968 -8564.94895369956 -831772.623354659 96933.5312271486 
<C>
2.77555756156289e-17 0 4.84057238736568e-14 1.38777878078145e-17 0 -7.7715611723761e-15 2.77555756156289e-17 7.48099499014998e-17 
<XF>
55.927445624794 0.499848757082765 7.77658950631349e-19 0.0997217383838048 0 0.0309775196154606 
<YF>
55.927445624794 0.499848757082765 7.77658950631349e-19 0.0997217383838048 0 0.0309775196154606 
<Falp>
-3.28857218938057e-10 6.92236106752309e-10 -1.32557854042227 -2.2778001041609e-08 1.03199988609008 8.42651840511942e-07 
<X>
8.46090547663496e-05 8.53755573944883e-08 1.00204734022299e-10 5.42348304747553e-14 0.032827745413762 4.17171148556821e-13 5.76545213023074e-05 5.3454856931209e-13 0.100000999999465 4.512231616988e-10 0.00193491987766102 5.94591484648977e-20 6.21584659533083e-29 0.2 0.000649929221877505 0 1.31369537597447e-06 1.50773858103642e-11 0.00123115169832564 55.5906572153684 0 0.499350070778122 0.000498686304642826 7.77658950631349e-19 0.0997217383838048 0 0.0309775196154606 
<Y>
8.46090547663496e-05 8.53755573944883e-08 1.00204734022299e-10 5.42348304747553e-14 0.032827745413762 4.17171148556821e-13 5.76545213023074e-05 5.3454856931209e-13 0.100000999999465 4.512231616988e-10 0.00193491987766102 5.94591484648977e-20 6.21584659533083e-29 0.2 0.000649929221877505 0 1.31369537597447e-06 1.50773858103642e-11 0.00123115169832564 55.5906572153684 0 0.499350070778122 0.000498686304642826 7.77658950631349e-19 0.0997217383838048 0 0.0309775196154606 
<XY>
0 0 0 0 0 0 0 0 0 0 0 0 0 0 0 0 0 0 0 0 0 0 0 0 0 0 0 
<XU>
0 0 0 0 0 0 0 0 0 0 0 0 0 0 0 0 0 0 0 0 0 0 0 0 0 0 0 
<MU>
0 0 0 0 0 0 0 0 0 0 0 0 0 0 0 0 0 0 0 0 0 0 0 0 0 0 0 
<EMU>
1.5132106453662e-06 1.52656460840453e-09 1.79173342764321e-12 9.69766342836005e-16 0.000586970063028288 7.4592272167763e-15 1.03086279644798e-06 9.55798333721867e-15 0.0017880487697079 8.06787329668799e-12 3.45960955832474e-05 1.0631384736244e-21 1.11141256797033e-30 0.00357606177366799 1.16209212894368e-05 1.23807951694086e-45 2.34892669448025e-08 2.69622301837812e-13 2.20131684650698e-05 0.993978119351616 8.82515979179984e-41 0.999002327181727 0.000997674412205184 0.047252137556761 0.999999947551716 10.7646493128674 1.00000194027945 
<NMU>
-13.4012769092095 -20.3002459801131 -27.0478375693367 -34.5694765150867 -7.44053673938853 -32.5293245763053 -13.7851144399151 -32.2813996380897 -6.32663032647981 -25.5431312003863 -10.2717697266828 -48.2930615951841 -68.9719209997885 -5.63349314730441 -11.3627035248782 -103.40276778237 -17.5667222458804 -28.9417542973435 -10.7238697170814 -0.00604008529257926 -92.2283821033809 -0.000998170825058279 -6.91008357515611 -3.05225738676912 -5.24482856466117e-08 2.37626755368257 1.94027756654679e-06 
<W>
7.15869214845515e-09 7.28898580041956e-15 1.00409887204797e-20 2.94141683662545e-27 0.00107766086895077 1.74031767188217e-25 3.32404382659822e-09 2.85742172953602e-25 0.0100002000008931 2.03602341653461e-19 3.74391493296772e-06 3.53539033617075e-39 3.86367488966859e-57 0.04 4.22407993450299e-07 0 1.72579554085671e-12 2.27327562874572e-22 1.51573450429012e-06 3090.32116963659 0 0.249350493186116 2.48688030438318e-07 6.04753443497051e-37 0.00994442510628801 0 0.000959606721526245 
<F>
-290.009268563996 -282.997168201186 -371.668732377606 -364.656872794037 -201.337464613978 -707.098319219843 -632.450471371163 -196.927197351908 -108.255631923297 -431.113006881131 -342.441442577292 -424.101146807116 -68.7030252924952 -54.8828582468945 -0.000996959986318102 0 -6.91008304868312 -88.6716820988879 -7.01185871786834 -95.6834240898268 0 -0.000998172400013431 -6.91008359575265 -464.299875769854 -1523.90377761945 0 -342.44146965812 
<F0>
-1.2482562308474 -0.316594121774443 -0.00604008541679013 -0.316594121774443 -2.80102641263567 -0.316594121774443 -1.2482562308474 -0.00604008541679013 -0.316594121774443 -0.316594121774443 -0.00604008541679013 -1.2482562308474 -0.316594121774443 -0.316594121774443 -0.00604008541679013 -0.00604008541679013 -0.00604008541679013 -0.316594121774443 -0.316594121774443 0 0 0 0 0 0 0 0 
<YOF>
0 0 0 0 0 0 
<lnGmM>
0 0 0 0 0 0 0 0 0 0 0 0 0 0 0 0 0 0 0 0 0 0 0 0 0 0 0 
<fDQF>
0 0 0 0 0 0 0 0 0 0 0 0 0 0 0 0 0 0 0 0 0 0 0 0 0 0 0 
<FVOL>
1006.34648930597 12391.1065142055 2.48508696814973e-17 9.9063575062635 0 0.497599762141794 
<FWGT>
1011.90318868541 14.0044501988413 6.06601906769888e-17 25.7442122302425 0 1.86126261264992 
<Y_la>
-4.61261445841527 -7.20418294375446 -9.99975283276096 -13.4012310260829 -2.69825741622247 -12.5152042968282 -4.77931297994766 -12.2726599599127 -1.13551877316033 -9.48113906416534 -2.71399914068061 -19.7659240112512 -28.3420228297332 -0.834493121043247 -3.18778566935737 -43.1602776903035 -5.88215676550613 -10.957142321239 -3.04521557610128 -0.00263901996664957 -40.0542774222594 -0.000433500081318524 -3.00101116617283 -1.32557854041884 -2.27780010237143e-08 1.03199988608741 8.42651840524539e-07 
<Y_w>
3.6780776161596 0.00362635657321191 5.94040102046962e-06 3.1611608985407e-09 875.32400156042 4.90860528865072e-08 5.92970762275668 2.11289175952652e-08 2271.95937856969 3.43763503572009e-05 114.890742148349 4.47065700756051e-15 6.1089803676576e-24 7007.19189570857 17.9925578834797 0 0.0415421914186962 2.53409991927451e-07 1.22634191152445 989.701762087788 0 0 0 5.75789611791199e-15 2443.65370442937 0 176.671992820773 
<Fx>
-290.009020989661 -282.997152986597 -371.668709073248 -364.656841070183 -201.337464903011 -707.098308788026 -632.450488707504 -196.927188009947 -108.255631923296 -431.113023804493 -342.441467717843 -424.101155801429 -68.7030254259143 -54.8828582468944 -0.000998170827131749 -92.2283822949603 -6.91008358950993 -88.6715560866507 -7.01186800306458 -95.6834240897153 -92.2283822949603 -0.000998170827131749 -6.91008358950993 -467.352133162963 -1523.9037776719 -342.441467717843 -342.441467717843 
<Wx>
1.51283602927219e-06 1.52654133298445e-09 1.79169159082559e-12 9.6973551838226e-16 0.000586970226282043 7.45914897232279e-15 1.03088064649153e-06 9.55789350542251e-15 0.00178804876357758 8.06800948367936e-12 3.45969649792698e-05 1.06314793748667e-21 1.11141256781718e-30 0.00357606176655662 1.16209352066202e-05 0 2.34892790346226e-08 2.69588314680334e-13 2.20133725860679e-05 0.993978119228168 0 0.999002325608343 0.000997674391656541 1 1 0 1 
<VL>
-13.4015245036033 -20.3002612271569 -27.0478609195212 -34.5695083010359 -7.44053646125896 -32.5293350659796 -13.7850971244304 -32.2814090367479 -6.32663032990831 -25.5431143203688 -10.2717445971101 -48.2930526934085 -68.9719209999263 -5.63349314929302 -11.3627023272816 -54.7552246294886 -17.566721731185 -28.9418803599857 -10.7238604444475 -0.00604008541677452 -54.7552246294886 -0.000998172400013438 -6.91008359575265 0 0 0 0 
<Gamma>
0.288738354101484 0.733027367866978 0.999981795520745 0.733027367866978 0.0611145973689272 0.733027367866978 0.288738354101484 0.999981795520745 0.733027367866978 0.733027367866978 0.999981795520745 0.288738354101484 0.733027367866978 0.733027367866978 0.999981795520745 0.999981795520745 0.999981795520745 0.733027367866978 0.733027367866978 0.99996351792273 1 1 1 1 1 1 1 
<lnGmf>
0 0 0 0 0 0 0 0 0 0 0 0 0 0 0 0 0 0 0 0 0 0 0 0 0 0 0 
<BF>
0.0329700944660642 0.2 111.182687846578 0.100001 0.00129985844375501 55.5947873420802 0.00199257485060366 -7.48099499014998e-17 0 0 0 0 0.998700141556245 0.000997372609285652 0 0 
<BFC>
0.19944347676761 0 0.398886953535219 0 0 0.959450684685165 0.23042099638307 0 
<XFA>
55.5906572153684 0 
<YFA>
55.5906572153684 0 
<PUL>
1000000 1000000 
<PLL>
0 0 
<Y_m>
8.44838185807775e-05 8.52491866510885e-08 1.00056413506252e-10 5.41545534487022e-14 0.0327791546142559 4.16553662360807e-13 5.75691825362755e-05 5.33757344022922e-13 0.0998529810453722 4.50555272573115e-10 0.00193205585813574 5.93711385353261e-20 6.20664605621772e-29 0.199703965052161 0.000648967213061019 0 1.31175087726396e-06 1.50550686447547e-11 0.00122932937868167 55.50837344 0 0 0 7.76508743080803e-19 0.0995742435258733 0 0.0309317018737244 
<IC_m>
0.0329212929650868 0.199703965052161 0.00137138294599923 0.099852981045906 0.00129793442612204 0.00412401340254426 0.00198962549164384 -3.12250225675825e-17 
<IC_lm>
-1.48252311337228 -0.699613310824061 -2.86284124960516 -1.00063896293886 -2.88674724228116 -2.38467992702205 -2.70122865778084 0 
<IC_wm>
0.879119618362884 7.00719189570857 0.00136805026593628 2.27195937858183 0.0179925578834797 0.065302244942691 0.0553041664670832 -0 
<Aalp>
0 0 0 0 0 0 
<Xr0h0>
0 0 0 0 0 0 0 0 0 0 0 0 
<Sigw>
0 0 0 0 0.349999994039536 0 
<Sigg>
0 0 0 0 0 0 
<EZ>
2 1 0 -1 3 -1 2 0 1 -1 0 -2 -1 -1 0 0 0 -1 1 0 0 0 0 0 0 0 0 
<Xcond>
0 0 0 0 0 0 
<Xeps>
0 0 0 0 0 0 
<Fug>
0 0.999002327179656 0.000997674397884744 
<Fug_l>
-40.054277330031 -0.000433500080320353 -3.00101115926275 
<Ppg_l>
-40.054277330031 -0.000433500080320353 -3.00101115926275 
<sMod>
'DNNSNNNN' 'INNINNNN' 
<LsMod>
2 0 4 0 0 0 
<IPxPH>

<PMc>
0 0 0 0.5 0 0 0 0 
<LsMdc>
0 0 0 0 0 0 
<DMc>

<MoiSN>

<SitFr>

<LsMdc2>
0 0 0 0 0 0 
<DQFc>

<LsPhl>
0 0 0 0 0 0 0 0 0 0 0 0 
<PhLin>

<lPhc>

<lnDQFt>
0 0 0 0 0 0 0 0 0 0 0 0 0 0 0 0 0 0 0 0 0 0 0 
<lnRcpt>
0 0 0 0 0 0 0 0 0 0 0 0 0 0 0 0 0 0 0 0 0 0 0 
<lnExet>
0 0 0 0 0 0 0 0 0 0 0 0 0 0 0 0 0 0 0 0 0 0 0 
<lnCnft>
0 0 0 0 0 0 0 0 0 0 0 0 0 0 0 0 0 0 0 0 0 0 0 
<SorMc>
0 0 0 0 0 0 0 0 0 0 0 0 0 0 0 0 
0 0 0 0 0 0 0 0 0 0 0 0 0 0 0 0 
<LsISmo>
0 0 0 0 0 0 0 0 
<xSMd>

<IsoPc>

<IsoSc>

<IsoCt>

<LsESmo>
0 0 0 0 0 0 0 0 
<EImc>

<mCDc>

<lnScalT>
0 0 0 0 0 0 0 0 0 0 0 0 0 0 0 0 0 0 0 0 0 0 0 
<lnSACT>
0 0 0 0 0 0 0 0 0 0 0 0 0 0 0 0 0 0 0 0 0 0 0 
<lnGammF>
0 0 0 0 0 0 0 0 0 0 0 0 0 0 0 0 0 0 0 0 0 0 0 
<CTerms>
0 0 0 0 0 0 0 0 0 0 0 0 0 0 0 0 0 0 0 0 0 0 0 
<kMod>
'NNNNNN' 'NNNNNN' 'NNNNNN' 'NNNNNN' 'NNNNNN' 'NNNNNN' 
<LsKin>
0 0 0 0 0 0 0 0 0 0 0 0 0 0 0 0 0 0 0 0 0 0 0 0 0 0 0 0 0 0 0 0 0 0 0 0 
<xSKrC>

<ocPRkC>

<feSArC>

<rpConC>

<apConC>

<AscpC>

<LsUpt>
0 0 0 0 
<UMpcC>

<PfFact>
1 1 1 1 1 1 
<PrT>
0 0 0 0 0 0 
<PkT>
0 0 0 0 0 0 
<PvT>
0 0 0 0 0 0 
<emRd>
0 0 0 0 0 0 0 0 0 0 0 0 0 0 0 0 0 0 0 0 0 0 0 
<emDf>
0 0 0 0 0 0 0 0 0 0 0 0 0 0 0 0 0 0 0 0 0 0 0 
<Wb>
0 0 0 0 0 0 0 0 0 0 0 0 0 0 0 0 0 0 0 0 0 0 0 
<Wabs>
0 0 0 0 0 0 0 0 0 0 0 0 0 0 0 0 0 0 0 0 0 0 0 
<Rion>
0 0 0 0 0 0 0 0 0 0 0 0 0 0 0 0 0 0 0 0 0 0 0 
<Qp>
0 0 0 0 0 0 0 0 0 0 0 0 0 0 0 0 0 0 0 0 0 0 0 0 0 0 0 0 0 0 0 0 0 0 0 0 0 0 0 0 
0 0 0 0 0 0 0 0 0 0 0 0 0 0 0 0 0 0 0 0 0 0 0 0 0 0 0 0 0 0 0 0 0 0 0 0 0 0 0 0 
0 0 0 0 0 0 0 0 0 0 0 0 0 0 0 0 0 0 0 0 0 0 0 0 0 0 0 0 0 0 0 0 0 0 0 0 0 0 0 0 
0 0 0 0 0 0 0 0 0 0 0 0 0 0 0 0 0 0 0 0 0 0 0 0 0 0 0 0 0 0 0 0 0 0 0 0 0 0 0 0 
0 0 0 0 0 0 0 0 0 0 0 0 0 0 0 0 0 0 0 0 0 0 0 0 0 0 0 0 0 0 0 0 0 0 0 0 0 0 0 0 
0 0 0 0 0 0 0 0 0 0 0 0 0 0 0 0 0 0 0 0 0 0 0 0 0 0 0 0 0 0 0 0 0 0 0 0 0 0 0 0 
0 0 0 0 0 0 0 0 0 0 0 0 0 0 0 0 0 0 0 0 0 0 0 0 0 0 0 0 0 0 0 0 0 0 0 0 0 0 0 0 
0 0 0 0 0 0 0 0 0 0 0 0 0 0 0 0 0 0 0 0 0 0 0 0 0 0 0 0 0 0 0 0 0 0 0 0 0 0 0 0 
0 0 0 0 0 0 0 0 0 0 0 0 0 0 0 0 0 0 0 0 0 0 0 0 0 0 0 0 0 0 0 0 0 0 0 0 0 0 0 0 
<Qd>
0 0 0 0 0 0 0 0 0 0 0 0 0 0 0 0 0 0 0 0 0 0 0 0 0 0 0 0 0 0 0 0 0 0 0 0 0 0 0 0 
0 0 0 0 0 0 0 0 0 0 0 0 0 0 0 0 0 0 0 0 0 0 0 0 0 0 0 0 0 0 0 0 0 0 0 0 0 0 0 0 
0 0 0 0 0 0 0 0 0 0 0 0 0 0 0 0 0 0 0 0 0 0 0 0 0 0 0 0 0 0 0 0 0 0 0 0 0 0 0 0 
<H0>
-767272.330850356 -713640.96758837 -947124.533326078 -925570.494682413 -530629.949664398 -1823850 -1717550 -470135.39065188 -240280.450647479 -1144680.2523131 -877730.896182323 -1088611.89624891 -129326.999499664 -167111.06648022 -10367.857167558 -4018.11726756967 -12236.5067204094 -230009.16869265 0 -285837.30429999 0 0 0 -1289207.67646885 -4099227.72361599 -909194.26299345 -892324.896248913 
<A0>
0 0 0 0 0 0 0 0 0 0 0 0 0 0 0 0 0 0 0 0 0 0 0 0 0 0 0 
<U0>
0 0 0 0 0 0 0 0 0 0 0 0 0 0 0 0 0 0 0 0 0 0 0 0 0 0 0 
<S0>
-184.932992628897 -112.967998974304 20.9199999714599 -30.2084938210448 -325.096975240679 45.1034965515137 -304.176971435547 44.7687987232909 58.4086010089844 20.9200054971221 75.3119969110968 -46.2259902954102 182.004001192221 56.7350438457505 95.8135974209308 57.7391998616971 108.951399378967 -10.7110335158716 0 69.9241798936394 130.682998657227 191.610000610352 205.136993408203 68.4502029418945 200.399993896484 41.5 78.3226470947266 
<Cp0>
55.971014925759 -125.107206518941 -209.212190765992 -49.0419224664928 -128.696352230021 -367.526123046875 -215.896301269531 -13.401419974351 38.118227155453 -87.1999486422324 -318.484187988628 -243.123657226562 -24.0031594584674 -122.490362897996 234.155323405206 166.852112064487 234.132884195387 -136.338084390688 0 75.3605258482016 28.8176721007834 29.1347219290407 29.3221550499352 105.463993756591 243.366866445798 44.5867514197975 -318.484191894531 
<VPh>
0 0 0 0 0 0 0 0 0 0 
<GPh>
0 0 0 0 0 0 0 0 0 0 
<HPh>
0 0 0 0 0 0 0 0 0 0 
<SPh>
0 0 0 0 0 0 0 0 0 0 
<CPh>
0 0 0 0 0 0 0 0 0 0 
<APh>
0 0 0 0 0 0 0 0 0 0 
<UPh>
0 0 0 0 0 0 0 0 0 0 