
CalcDolo  G  CalcColumn  0    0       1       25      0   

<Short_PARAM>
2 2 -5 1 130 1 0 10000 1 7000 
<Double_PARAM>
1000 1e-15 1e-20 1e-07 0.01 0.001 1e-05 1e-05 1e-05 1e-05 1e-05 1e-05 1e-06 1e-17 1 0 1 1000 0.001 12.05 1e-13 1e-13 1e-33 1e-20 1e-05 1e-10 0.001 1e-10 
<Short_Const>
7 7 28 23 18 4 0 0 7 2 0 1 1 0 72 1 2 1 1 0 0 0 0 2 1 2 0 2 0 1 72 0 0 0 0 0 1 0 0 
<Double_Const>
25 25 298.15 298.15 1 1 0 999.99906647373 -13127997.8479806 0 0 0 0 0 0 0 0 0 0 0 
0 0 0 0 0 0 0.997237625439593 -5295.74449204796 0.00604037101751285 4.67855276087941 15.8181716321704 0.933910456493504 1e-15 1e-20 0 0 9.99999016926267e-08 1e-07 0 2478.9711565 
38.9215133653371 55.341824510896 4.01653388216503 0.000128684074883867 1.66e-24 4.01352894293161 4.013657635287 55.341824510896 0 0 0 1 1 
<Add_Double_Const>
1e-13 1e-13 1e-33 1e-20 1e-05 1e-05 1e-05 1e-05 1e-05 1e-05 1e-06 1 
<EpsW>
78.2451456494471 -0.355010888388417 0.00135076186526265 0.00406162824448407 0 
<EpsWg>
4.30454160174552 -0.0179180065190887 0.000166863069781282 0.0051684917135623 0 
<DenW>
0.997061364306278 -0.00025866418191325 -9.46964566451448e-06 4.50858902637571e-05 0 
<DenWg>
0.000767104546309221 -2.22590647810408e-06 1.41386126814825e-08 7.74943697518772e-07 0 
Error Code 
Error Message
<L1>
19 4 1 1 1 1 1 
<muk>
0 1 2 4 5 6 8 
<mui>
0 1 2 3 4 5 6 
<muj>
0 1 2 3 4 5 6 7 8 9 10 11 12 13 14 15 16 17 18 19 20 21 22 23 25 26 27 29 
<DUL>
1000000 1000000 1000000 1000000 1000000 1000000 1000000 1000000 1000000 1000000 1000000 1000000 1000000 1000000 1000000 1000000 1000000 1000000 1000000 1000000 1000000 1000000 1000000 1000000 1000000 1000000 1000000 1000000 
<DLL>
0 0 0 0 0 0 0 0 0 0 0 0 0 0 0 0 0 0 0 0 0 0 0 0 0 0 0 0 
<Vol>
-15.6484448542462 13.3298113314253 -18.4387418380244 5.76247702545953 -16.7761919999581 9.3426087471381 -22.0137394655029 1.64145699446217 32.8066811910075 -6.05772456161104 24.2108973468909 37.3979881034516 43.9042028119618 17.340894051096 25.2643576113497 30.5008890803284 -4.70784300725686 0 18.0683971876364 24789.711565 24789.711565 24789.711565 24789.711565 5.29799997806549 36.9339990615845 64.3900012969971 33.0599999427795 24.6299982070923 
<Pparc>
1 1 1 1 1 1 1 1 1 1 1 1 1 1 1 1 1 1 1 1 1 1 1 1 1 1 1 1 
<MM>
100.086999893188 101.094949841499 40.0779991149902 57.0853492021561 84.314001083374 85.3219510316849 24.3050003051758 41.3123503923416 44.0096006393433 60.0090007781982 61.0169507265091 16.0426001548767 99.4505996704102 35.4529991149902 2.0158998966217 31.99880027771 17.0073500871658 1.00794994831085 18.0153000354767 44.0096006393433 16.0426001548767 2.0158998966217 31.99880027771 12.0108003616333 100.086999893188 184.401000976562 74.0926992893219 58.3197004795074 
<Awt>
12.0108003616333 40.0779991149902 35.4529991149902 1.00794994831085 24.3050003051758 15.999400138855 0 
<A>
1 1 0 0 0 3 0 1 1 0 1 0 3 1 0 1 0 0 0 0 2 0 1 0 1 0 1 1 1 0 0 0 1 3 0 1 0 0 1 1 
3 1 0 0 0 0 1 0 2 0 0 0 1 1 1 1 1 0 0 0 0 2 0 1 0 0 0 0 3 -2 1 0 0 1 0 3 -1 1 0 0 
4 0 0 0 0 0 1 0 0 4 -1 0 0 1 0 0 0 -1 0 0 0 2 0 0 0 0 0 0 0 0 2 0 0 0 0 1 0 1 -1 0 
0 0 1 0 0 1 0 0 0 2 0 1 0 1 0 0 0 0 2 0 1 0 0 4 0 0 0 0 0 0 2 0 0 0 0 0 0 0 0 2 
0 1 0 0 0 0 0 0 1 1 0 0 0 3 0 2 1 0 0 1 6 0 0 1 0 2 0 2 0 0 0 0 2 1 2 0 
<XFs>
55.3489470389415 0 0 0 0 0 0 
<Falps>
1.318332079523e-12 -0.978509057449986 -69.5177324814086 -8.99502953753286 -14.1091308883688 -20.58496344915 -10.324089262215 
<G>
-439.383671127295 -458.371473164039 -219.306424835312 -285.308951318808 -398.963273440433 -418.427886250062 -179.449164058886 -248.537244817494 -151.6994041601 -209.299047863071 -232.833956107354 -9.84176324538289 0.49051749251071 -49.0278643304688 11.1681625079469 10.6506091273216 -59.5080185965598 3.93362351165886 -95.67734131555 -159.095437220348 -20.4354939214074 0 0 0 -455.501871023887 -870.179144417972 -361.848905602626 -335.714676557593 
<G0>
-439.383542434939 -458.288562793533 -218.975169430354 -285.226040948302 -398.963144748077 -418.344975879556 -179.117908653927 -248.454334446988 -151.699275467745 -208.967792458112 -232.751045736848 -9.8416345530275 0.573427863016876 -48.9449539599627 11.1682912003023 10.650737819677 -59.4251082260537 4.01653388216503 -95.6773475216673 -159.095437220348 -20.4354939214074 0 0 0 -455.501871023887 -870.179144417972 -361.848905602626 -335.714676557593 
<lnGam>
-0.000128692355390151 -0.0829103705061662 -0.331255404958494 -0.0829103705061662 -0.000128692355390151 -0.0829103705061662 -0.331255404958494 -0.0829103705061662 -0.000128692355390151 -0.331255404958494 -0.0829103705061662 -0.000128692355390151 -0.0829103705061662 -0.0829103705061662 -0.000128692355390151 -0.000128692355390151 -0.0829103705061662 -0.0829103705061662 6.2061173010081e-06 0 0 0 0 0 0 0 0 0 
<lnGmo>
-0.000257376430274018 -0.08303905458105 -0.331384089033378 -0.08303905458105 -0.000257376430274018 -0.08303905458105 -0.331384089033378 -0.08303905458105 -0.000257376430274018 -0.331384089033378 -0.08303905458105 -0.000257376430274018 -0.08303905458105 -0.08303905458105 -0.000257376430274018 -0.000257376430274018 -0.08303905458105 -0.08303905458105 6.22267902322397e-06 0 0 0 0 0 0 0 0 0 
<B>
0.00100010000003255 1.00000032548498e-07 0.00400000012518538 110.683694635543 0.00200000006259269 55.3440476177715 0 
<U>
-160.070494842942 -312.283499907712 -22.1400392014821 -47.1954521387989 -262.522734869678 -1.28656574680695 36.4226862744094 
<Uc>
0 0 0 0 0 0 0 0 0 0 0 0 0 0 
<Uefd>
0 0 0 0 0 0 0 
<U_r>
-396810.139722336 -774141.788922088 -54884.5185842533 -116996.164570059 -650786.287667428 -3189.35937727532 90290.7887165093 
<C>
-1.66018457661843e-19 4.11970321243075e-24 0 1.4210854715202e-14 -2.63125170576141e-19 -2.1316282072803e-14 -1.28749007982654e-19 
<XF>
55.3489470389415 0 0 0 0 0 0 
<YF>
55.3489470389415 0 0 0 0 0 0 
<Falp>
1.318332079523e-12 -0.978509057449986 -69.5177324814086 -8.99502953753286 -14.1091308883688 -20.58496344915 -10.324089262215 
<X>
5.5972319391174e-15 2.06893792627067e-11 9.9979336954158e-08 6.17845706412064e-16 6.37548320846192e-11 3.79578543473101e-07 0.00199962014992041 2.70373977810103e-10 0.000977193911946007 6.45979645029826e-11 2.25263604952959e-05 0 7.269531230822e-27 0.00400000012518538 0 0.000100000000015081 5.16939897906314e-10 2.27070036943325e-05 55.341824510896 0 0 0 0 0 0 0 0 0 
<Y>
5.5972319391174e-15 2.06893792627067e-11 9.9979336954158e-08 6.17845706412064e-16 6.37548320846192e-11 3.79578543473101e-07 0.00199962014992041 2.70373977810103e-10 0.000977193911946007 6.45979645029826e-11 2.25263604952959e-05 0 7.269531230822e-27 0.00400000012518538 0 0.000100000000015081 5.16939897906314e-10 2.27070036943325e-05 55.341824510896 0 0 0 0 0 0 0 0 0 
<XY>
0 0 0 0 0 0 0 0 0 0 0 0 0 0 0 0 0 0 0 0 0 0 0 0 0 0 0 0 
<XU>
0 0 0 0 0 0 0 0 0 0 0 0 0 0 0 0 0 0 0 0 0 0 0 0 0 0 0 0 
<MU>
0 0 0 0 0 0 0 0 0 0 0 0 0 0 0 0 0 0 0 0 0 0 0 0 0 0 0 0 
<EMU>
1.01114496131787e-16 3.73730285811628e-13 1.80634590758837e-09 1.11606496572115e-17 1.15155162678033e-12 6.85653301113553e-09 3.61275210608552e-05 4.88389042281395e-12 1.76552116509202e-05 1.16677906638675e-12 4.06927115369429e-07 2.07284335913604e-95 1.31340026291829e-28 7.2268767116741e-05 1.43274233513157e-46 1.80671915279011e-06 9.33787040883471e-12 4.10189441261409e-07 0.999871315987705 0.0287767039775185 1.15074970624928e-93 1.01519908003783e-41 0.0762962501320091 3.03576058929752e-70 1.0115106563669e-09 7.77802100465107e-15 2.60037840555333e-21 4.74144522497494e-11 
<NMU>
-36.8302781740521 -28.6152420185893 -20.1319598678507 -39.0341375056222 -27.4899108422821 -18.7980639149249 -10.228455626815 -26.0450789958831 -10.9444795404983 -27.4767740981247 -14.7146317452565 -218.01666256624 -64.1997632088771 -9.53511851222072 -105.559323953051 -13.223997980243 -25.3969428973049 -14.7066467321041 -0.000128692292793051 -3.54818910883751 -214 -94.3909040815264 -2.57313148826892 -160.070494510439 -20.7118209241643 -32.4874744586599 -47.3986299778401 -23.7720940339163 
<W>
3.13290053802759e-29 4.28050414276116e-22 9.99586781779307e-15 3.81733316931823e-31 4.06467861413799e-21 1.44079870665161e-13 3.99848074396771e-06 7.31020878768583e-20 9.5490794154434e-07 4.1728970179286e-21 5.07436917164027e-10 0 5.28460843158964e-53 1.60000010014831e-05 0 1.00000000030162e-08 2.6722685804739e-19 5.15608016774429e-10 3062.71754019481 0 0 0 0 0 0 0 0 0 
<F>
-476.213575602112 -486.98627404932 -239.438127396937 -324.342644491271 -426.452649836646 -437.225490804771 -189.677362359243 -274.581860088651 -162.643629867657 -236.775286336805 -247.548180723157 0 -63.7089884676607 -58.5627254758915 0 -2.57313150336045 -84.9045133552263 -10.7726138954713 -95.6774700244671 0 0 0 0 0 0 0 0 0 
<F0>
-0.000128692355390151 -0.0829103705061662 -0.331255404958494 -0.0829103705061662 -0.000128692355390151 -0.0829103705061662 -0.331255404958494 -0.0829103705061662 -0.000128692355390151 -0.331255404958494 -0.0829103705061662 -0.000128692355390151 -0.0829103705061662 -0.0829103705061662 -0.000128692355390151 -0.000128692355390151 -0.0829103705061662 -0.0829103705061662 6.2061173010081e-06 0 0 0 0 0 0 0 0 0 
<YOF>
0 0 0 0 0 0 0 
<lnGmM>
0 0 0 0 0 0 0 0 0 0 0 0 0 0 0 0 0 0 0 0 0 0 0 0 0 0 0 0 
<fDQF>
0 0 0 0 0 0 0 0 0 0 0 0 0 0 0 0 0 0 0 0 0 0 0 0 0 0 0 0 
<FVOL>
999.99906647373 0 0 0 0 0 0 
<FWGT>
997.237625439593 0 0 0 0 0 0 
<Y_la>
-14.2507721897304 -10.7189789448099 -7.14259119639573 -15.2438477623433 -10.1943021986038 -6.45543266653807 -2.84155395301961 -9.60277132645969 -3.00871268354833 -10.3324034872 -4.68202060802945 -145.486103982646 -26.1731401388813 -2.43258659198294 -44.0994175179482 -3.99869496332358 -9.32128939532562 -4.67855276087941 -5.32022627900577e-05 -1.54095895071336 -142.629607823373 -40.99344878436 -1.11749680656381 -69.5177324812288 -8.9950295375096 -14.1091308883324 -20.5849634490968 -10.3240892621884 
<Y_w>
5.61761949410651e-10 2.09738552322782e-06 0.00401807119561874 3.53676365630891e-11 5.39031505062133e-06 0.0324760930321034 48.7353937659817 1.12007251063541e-05 43.1250413290251 3.88719719677717e-06 1.3782972015152 0 7.24961856417456e-22 142.204823886028 0 3.20874378044354 8.81613127447025e-06 0.0229509222437407 999.761288223558 0 0 0 0 0 0 0 0 0 
<Fx>
-476.213691991075 -486.986457855464 -239.438127358893 -324.342831518908 -426.452926953041 -437.22569281743 -189.677362320859 -274.582066480874 -162.643626336556 -236.775564632182 -247.548330496571 -348.852303398138 -63.7089884631193 -58.5627254758915 -94.3909042775978 -2.5731314936139 -84.9047041600153 -10.7727658643895 -95.6774700244048 -162.643626336556 -348.852303398138 -94.3909042775978 -2.5731314936139 -160.070494842942 -476.213691991075 -902.666618944116 -409.247535678923 -359.486770640889 
<Wx>
1.01126258737666e-16 3.73798967632579e-13 1.80634578077549e-09 1.11627364108186e-17 1.1518707309782e-12 6.85791805950785e-09 3.61275192554891e-05 4.88489830926464e-12 1.76551490899816e-05 1.16710376545255e-12 4.06988058498152e-07 0 1.31340009516485e-28 7.22687664206353e-05 0 1.80671910424465e-06 9.33965189152765e-12 4.10251773685173e-07 0.999871315925116 0 0 0 0 0 0 0 0 0 
<VL>
-36.8301618512476 -28.6150582617106 -20.1319599380548 -39.0339505488938 -27.4896337726437 -18.7978619311386 -10.228455676787 -26.0448726475871 -10.9444830839874 -27.4764958501652 -14.7144819922336 -54.7552246294886 -64.1997633366017 -9.5351185218529 -54.7552246294886 -13.2239980071124 -25.3967521350968 -14.7064947835604 -0.000128692355389818 0 0 0 0 0 0 0 0 0 
<Gamma>
0.999999991719494 0.920552094297486 0.718114163213227 0.920552094297486 0.999999991719494 0.920552094297486 0.718114163213227 0.920552094297486 0.999999991719494 0.718114163213227 0.920552094297486 0.999999991719494 0.920552094297486 0.920552094297486 0.999999991719494 0.999999991719494 0.920552094297486 0.920552094297486 1.00000618957473 1 1 1 1 1 1 1 1 1 
<lnGmf>
0 0 0 0 0 0 0 0 0 0 0 0 0 0 0 0 0 0 0 0 0 0 0 0 0 0 0 0 
<BF>
0.00100010000003255 1.00000032548498e-07 0.00400000012518538 110.683694635543 0.00200000006259269 55.3440476177715 1.28749007982654e-19 0 0 0 0 0 0 0 
<BFC>
0 0 0 0 0 0 0 
<XFA>
55.341824510896 0 
<YFA>
55.341824510896 0 
<PUL>
1000000 1000000 
<PLL>
0 0 
<Y_m>
5.61407656560672e-15 2.07516430512662e-11 1.00280220427625e-07 6.19705086238691e-16 6.39466994835472e-11 3.80720868618407e-07 0.00200563791993821 2.71187656556702e-10 0.000980134734594311 6.47923692723149e-11 2.25941525991133e-05 0 7.29140856941858e-27 0.00401203795188238 0 0.000100300945673133 5.18495606083566e-10 2.27753394360139e-05 55.50837344 0 0 0 0 0 0 0 0 0 
<IC_m>
0.00100310975755837 1.00300978304458e-07 0.00401203795188238 4.57510233392711e-05 0.00200601897594119 0.00222979721911094 4.70950318673391e-19 
<IC_lm>
-2.99865153881468 -6.99869481643002 -2.39663496243797 -4.33959917835059 -2.69766495747586 -2.65173462499075 0 
<IC_wm>
0.0120452750033026 4.01890293119559e-06 0.142204823886028 4.6103733478097e-05 0.0487446531214053 0.035666901794671 0 
<Aalp>
0 0 0 0 0 0 0 
<Xr0h0>
0 0 0 0 0 0 0 0 0 0 0 0 0 0 
<Sigw>
0 0 0 0 0 0 0 
<Sigg>
0 0 0 0 0 0 0 
<EZ>
0 1 2 1 0 1 2 1 0 -2 -1 0 -1 -1 0 0 -1 1 0 0 0 0 0 0 0 0 0 0 
<Xcond>
0 0 0 0 0 0 0 
<Xeps>
0 0 0 0 0 0 0 
<Fug>
0.028776703765423 0 0 0.0762962497242071 
<Fug_l>
-1.54095894716517 -142.629607494956 -40.9934486899691 -1.11749680399067 
<Ppg_l>
-1.54095894716517 -142.629607494956 -40.9934486899691 -1.11749680399067 
<sMod>
'DNNSNNNN' 'INNINNNN' 
<LsMod>
2 0 4 0 0 0 
<IPxPH>

<PMc>
0 0 1 1 0 0 0 0 
<LsMdc>
0 0 0 0 0 0 
<DMc>

<MoiSN>

<SitFr>

<LsMdc2>
0 0 0 0 0 0 
<DQFc>

<LsPhl>
0 0 0 0 0 0 0 0 0 0 0 0 0 0 
<PhLin>

<lPhc>

<lnDQFt>
0 0 0 0 0 0 0 0 0 0 0 0 0 0 0 0 0 0 0 0 0 0 0 
<lnRcpt>
0 0 0 0 0 0 0 0 0 0 0 0 0 0 0 0 0 0 0 0 0 0 0 
<lnExet>
0 0 0 0 0 0 0 0 0 0 0 0 0 0 0 0 0 0 0 0 0 0 0 
<lnCnft>
0 0 0 0 0 0 0 0 0 0 0 0 0 0 0 0 0 0 0 0 0 0 0 
<SorMc>
0 0 0 0 0 0 0 0 0 0 0 0 0 0 0 0 
0 0 0 0 0 0 0 0 0 0 0 0 0 0 0 0 
<LsISmo>
0 0 0 0 0 0 0 0 
<xSMd>

<IsoPc>

<IsoSc>

<IsoCt>

<LsESmo>
0 0 0 0 0 0 0 0 
<EImc>

<mCDc>

<lnScalT>
0 0 0 0 0 0 0 0 0 0 0 0 0 0 0 0 0 0 0 0 0 0 0 
<lnSACT>
0 0 0 0 0 0 0 0 0 0 0 0 0 0 0 0 0 0 0 0 0 0 0 
<lnGammF>
0 0 0 0 0 0 0 0 0 0 0 0 0 0 0 0 0 0 0 0 0 0 0 
<CTerms>
0 0 0 0 0 0 0 0 0 0 0 0 0 0 0 0 0 0 0 0 0 0 0 
<kMod>
'NNNNNN' 'NNNNNN' 'NNNNNN' 'NNNNNN' 'NNNNNN' 'NNNNNN' 'NNNNNN' 
<LsKin>
0 0 0 0 0 0 0 0 0 0 0 0 0 0 0 0 0 0 0 0 0 0 0 0 0 0 0 0 0 0 0 0 0 0 0 0 0 0 0 0 
0 0 
<xSKrC>

<ocPRkC>

<feSArC>

<rpConC>

<apConC>

<AscpC>

<LsUpt>
0 0 0 0 
<UMpcC>

<PfFact>
1 1 1 1 1 1 1 
<PrT>
0 0 0 0 0 0 0 
<PkT>
0 0 0 0 0 0 0 
<PvT>
0 0 0 0 0 0 0 
<emRd>
0 0 0 0 0 0 0 0 0 0 0 0 0 0 0 0 0 0 0 0 0 0 0 
<emDf>
0 0 0 0 0 0 0 0 0 0 0 0 0 0 0 0 0 0 0 0 0 0 0 
<Wb>
0 0 0 0 0 0 0 0 0 0 0 0 0 0 0 0 0 0 0 0 0 0 0 
<Wabs>
0 0 0 0 0 0 0 0 0 0 0 0 0 0 0 0 0 0 0 0 0 0 0 
<Rion>
0 0 0 0 0 0 0 0 0 0 0 0 0 0 0 0 0 0 0 0 0 0 0 
<Qp>
0 0 0 0 0 0 0 0 0 0 0 0 0 0 0 0 0 0 0 0 0 0 0 0 0 0 0 0 0 0 0 0 0 0 0 0 0 0 0 0 
0 0 0 0 0 0 0 0 0 0 0 0 0 0 0 0 0 0 0 0 0 0 0 0 0 0 0 0 0 0 0 0 0 0 0 0 0 0 0 0 
0 0 0 0 0 0 0 0 0 0 0 0 0 0 0 0 0 0 0 0 0 0 0 0 0 0 0 0 0 0 0 0 0 0 0 0 0 0 0 0 
0 0 0 0 0 0 0 0 0 0 0 0 0 0 0 0 0 0 0 0 0 0 0 0 0 0 0 0 0 0 0 0 0 0 0 0 0 0 0 0 
0 0 0 0 0 0 0 0 0 0 0 0 0 0 0 0 0 0 0 0 0 0 0 0 0 0 0 0 0 0 0 0 0 0 0 0 0 0 0 0 
0 0 0 0 0 0 0 0 0 0 0 0 0 0 0 0 0 0 0 0 0 0 0 0 0 0 0 0 0 0 0 0 0 0 0 0 0 0 0 0 
0 0 0 0 0 0 0 0 0 0 0 0 0 0 0 0 0 0 0 0 0 0 0 0 0 0 0 0 0 0 0 0 0 0 0 0 0 0 0 0 
0 0 0 0 0 0 0 0 0 0 0 0 0 0 0 0 0 0 0 0 0 0 0 0 0 0 0 0 0 0 0 0 0 0 0 0 0 0 0 0 
0 0 0 0 0 0 0 0 0 0 0 0 0 0 0 0 0 0 0 0 0 0 0 0 0 0 0 0 0 0 0 0 0 0 0 0 0 0 0 0 
<Qd>
0 0 0 0 0 0 0 0 0 0 0 0 0 0 0 0 0 0 0 0 0 0 0 0 0 0 0 0 0 0 0 0 0 0 0 0 0 0 0 0 
0 0 0 0 0 0 0 0 0 0 0 0 0 0 0 0 0 0 0 0 0 0 0 0 0 0 0 0 0 0 0 0 0 0 0 0 0 0 0 0 
0 0 0 0 0 0 0 0 0 0 0 0 0 0 0 0 0 0 0 0 0 0 0 0 0 0 0 0 0 0 0 0 0 0 0 0 0 0 0 0 
<H0>
0 0 0 0 0 0 0 0 0 0 0 0 0 0 0 0 0 0 0 0 0 0 0 0 0 0 0 0 
<A0>
0 0 0 0 0 0 0 0 0 0 0 0 0 0 0 0 0 0 0 0 0 0 0 0 0 0 0 0 
<U0>
0 0 0 0 0 0 0 0 0 0 0 0 0 0 0 0 0 0 0 0 0 0 0 0 0 0 0 0 
<S0>
0 0 0 0 0 0 0 0 0 0 0 0 0 0 0 0 0 0 0 0 0 0 0 0 0 0 0 0 
<Cp0>
0 0 0 0 0 0 0 0 0 0 0 0 0 0 0 0 0 0 0 0 0 0 0 0 0 0 0 0 
<VPh>
0 0 0 0 0 0 0 0 0 0 
<GPh>
0 0 0 0 0 0 0 0 0 0 
<HPh>
0 0 0 0 0 0 0 0 0 0 
<SPh>
0 0 0 0 0 0 0 0 0 0 
<CPh>
0 0 0 0 0 0 0 0 0 0 
<APh>
0 0 0 0 0 0 0 0 0 0 
<UPh>
0 0 0 0 0 0 0 0 0 0 