
Kaolinite G  pHtitr      0    0       1       25      0   

<Short_PARAM>
2 2 -5 1 130 1 0 30000 1 9999 
<Double_PARAM>
1000 1e-15 1e-20 1e-06 0.01 0.01 1e-05 1e-05 1e-05 1e-05 1e-05 1e-05 1e-06 1e-17 1 0 1 1000 0.001 12.05 1e-13 1e-13 1e-33 1e-20 1e-05 1e-10 0.001 1e-10 
<Short_Const>
7 7 19 18 14 3 0 0 3 2 0 3 2 0 95 1 2 1 1 0 0 0 0 2 1 2 0 0 0 1 95 0 0 0 0 0 1 0 0 
<Double_Const>
25 25 298.15 298.15 1 1 0 13400.7556033777 -13369985.6474331 0 0 0 0 0 0 0 0 0 0 0 
0 0 0 0 0 0 1.03351311372714 -5393.36071433356 0.298781392216098 3.4862981740848 16.5408300522619 0.9765764656057 1e-15 1e-20 55.50837344 0 9.99998974293703e-07 1e-06 0 2478.9711565 
38.9215133653371 55.6079279296513 4.01653388216503 0.00597690225180469 1.66e-24 4.01832577975453 -0.693450120750351 0 7.4053589087251 0 0 1 1 
<Add_Double_Const>
1e-13 1e-13 1e-33 1e-20 1e-05 1e-05 1e-05 1e-05 1e-05 1e-05 1e-06 1 
<EpsW>
78.2451456494471 -0.355010888388417 0.00135076186526265 0.00406162824448407 0 
<EpsWg>
49.4727255881231 -0.227449367163344 0.00101602966464063 0.00355941047349185 0 
<DenW>
0.997061364306278 -0.00025866418191325 -9.46964566451448e-06 4.50858902637571e-05 0 
<DenWg>
0.000767104546309221 -6.79006507900229e-07 -3.60362852858052e-09 4.1785797082669e-08 0 
Error Code 
Error Message
<L1>
15 3 1 
<muk>
0 1 2 
<mui>
0 1 2 3 4 5 7 
<muj>
0 1 2 3 4 7 8 12 13 14 15 16 17 18 19 20 21 22 23 
<DUL>
1000000 1000000 1000000 1000000 1000000 1000000 1000000 1000000 1000000 1000000 1000000 1000000 1000000 1000000 1000000 1000000 1000000 1000000 1000000 
<DLL>
0 0 0 0 0 0 0 0 0 0 0 0 0 0 0 0 0 0 0 
<Vol>
-2.72751155835722 0.307336406943463 13.0094459034099 9.46735262367419 -45.2428720605177 3.50925587536806 -1.20796344838775 43.9042028119618 17.340894051096 33.4069131302658 25.2643576113497 30.5008890803284 -4.70784300725686 0 18.0683971876364 24789.711565 24789.711565 24789.711565 31.956000328064 
<Pparc>
1 1 1 1 1 1 1 1 1 1 1 1 1 1 1 1 1 1 1 
<MM>
43.9888907670975 42.9809408187866 59.9882909059525 58.9803409576416 26.9815406799316 39.9971495866776 22.9897994995117 99.4505996704102 35.4529991149902 28.0133991241455 2.0158998966217 31.99880027771 17.0073500871658 1.00794994831085 18.0153000354767 2.0158998966217 28.0133991241455 31.99880027771 78.0035909414291 
<Awt>
26.9815406799316 35.4529991149902 1.00794994831085 22.9897994995117 14.0066995620728 15.999400138855 0 
<A>
1 0 1 0 0 1 2 1 0 0 0 0 1 1 1 0 1 0 0 2 0 1 0 0 0 0 2 -1 1 0 0 0 0 0 3 0 0 1 1 0 
1 0 0 0 0 1 0 0 1 0 1 0 0 0 4 -1 0 1 0 0 0 0 -1 0 0 0 0 2 0 0 0 0 2 0 0 0 0 0 0 0 
0 0 2 0 0 0 1 0 0 1 -1 0 0 1 0 0 0 1 0 0 2 0 0 1 0 0 0 2 0 0 0 0 0 0 0 0 2 0 0 0 
0 0 0 0 2 0 1 0 3 0 0 3 0 
<XFs>
55.9422895258897 0.499848552845671 0.0949361281878112 
<Falps>
1.07578443512419e-11 5.30142013829245e-10 -2.04727492659491e-10 
<G>
-276.619993783782 -262.708981942024 -344.632888174281 -330.099439460996 -193.9094691351 -164.657805031356 -101.941076561383 0.256820739436643 -49.2614400655959 11.3496886510991 11.1623689756461 10.6446219663057 -59.7418767068966 3.69992675858479 -95.6773475216673 0 0 0 -464.299875769854 
<G0>
-275.371549795734 -262.392374818443 -344.626893338857 -329.782832337415 -191.107963706272 -164.651810195932 -101.624469437802 0.573427863016876 -48.9448329420157 11.3556834865235 11.1683638110705 10.65061680173 -59.4252695833163 4.01653388216503 -95.6773475216673 0 0 0 -464.299875769854 
<lnGam>
-1.24844398804793 -0.316607123580233 -0.00599483542433476 -0.316607123580233 -2.80150542882742 -0.00599483542433476 -0.316607123580233 -0.316607123580233 -0.316607123580233 -0.00599483542433476 -0.00599483542433476 -0.00599483542433476 -0.316607123580233 -0.316607123580233 0 0 0 0 0 
<lnGmo>
-1.25442089029973 -0.322584025832038 -0.0119717376761395 -0.322584025832038 -2.80748233107922 -0.0119717376761395 -0.322584025832038 -0.322584025832038 -0.322584025832038 -0.0119717376761395 -0.0119717376761395 -0.0119717376761395 -0.322584025832038 -0.322584025832038 3.59381593932895e-05 0 0 0 0 
<B>
0.1281992281926 0.2 111.501345333114 0.100001 1 55.8939720042906 0 
<U>
-315.592241894691 -16.7965580722316 -46.1141670033722 -146.342669315241 -0.00049908310994006 -3.45504428850584 38.0866687832993 
<Uc>
0 0 0 0 0 0 0 0 0 0 0 0 0 0 
<Uefd>
0 0 0 0 0 0 0 
<U_r>
-782344.064872109 -41638.1829895394 -114315.689907384 -362779.256197701 -1.23721263423773 -8564.95513563605 94415.753360968 
<C>
2.77555756156289e-17 0 -1.4210854715202e-14 -1.38777878078145e-17 1.11022302462516e-16 -8.88178419700125e-16 2.09251019289702e-17 
<XF>
55.9422895258897 0.499848552845671 0.0949361281878112 
<YF>
55.9422895258897 0.499848552845671 0.0949361281878112 
<Falp>
1.07578443512419e-11 5.30142013829245e-10 -2.04727492659491e-10 
<X>
0.000235035768031886 6.54570997861027e-07 2.1212497368901e-09 3.17024920691923e-12 0.0330274075413389 1.4759390297145e-12 0.100000999998524 6.21579592534018e-29 0.2 0.000650130779468919 0 1.31409727417911e-06 4.16524644100036e-11 0.000446051315220392 55.6079279296513 0 0.499349869220531 0.000498683625139507 0.0949361281878112 
<Y>
0.000235035768031886 6.54570997861027e-07 2.1212497368901e-09 3.17024920691923e-12 0.0330274075413389 1.4759390297145e-12 0.100000999998524 6.21579592534018e-29 0.2 0.000650130779468919 0 1.31409727417911e-06 4.16524644100036e-11 0.000446051315220392 55.6079279296513 0 0.499349869220531 0.000498683625139507 0.0949361281878112 
<XY>
0 0 0 0 0 0 0 0 0 0 0 0 0 0 0 0 0 0 0 
<XU>
0 0 0 0 0 0 0 0 0 0 0 0 0 0 0 0 0 0 0 
<MU>
0 0 0 0 0 0 0 0 0 0 0 0 0 0 0 0 0 0 0 
<EMU>
4.20139663450724e-06 1.17008170139848e-08 3.79185378162222e-11 5.66699969790367e-14 0.000590383556526779 2.63832446432873e-14 0.00178757432327409 1.11110657895824e-30 0.00357511289032336 1.16214440465758e-05 1.23819499396115e-45 2.34902063232896e-08 7.44565880090193e-13 7.97342276185047e-06 0.994023097761434 8.82558595330974e-41 0.999002331784382 0.000997669436314724 0.999999999528598 
<NMU>
-12.3800935559259 -18.2636071673256 -23.995580998984 -30.5015314780371 -7.43473813647715 -31.2660472588511 -6.32689570480648 -68.9721963531095 -5.6337585256219 -11.3626585417509 -103.402674515634 -17.5666822548621 -27.9259750576617 -11.7393967016617 -0.00599483541100069 -92.2283338151651 -0.000998166217806725 -6.91008856265785 -4.71402472723791e-10 
<W>
5.52418122543384e-08 4.2846319124078e-13 4.49970044625633e-18 1.0050480033972e-23 0.00109080964890169 2.17839601943457e-24 0.0100002000007048 3.86361189854756e-57 0.04 4.22670030412864e-07 0 1.72685164600496e-12 1.73492779142661e-21 1.98961775809842e-07 3092.2416486293 0 0.249350291890561 2.4868535798228e-07 0.00901286843529251 
<F>
-288.988115512296 -280.960616600519 -368.616497475199 -360.588999255457 -201.332235543263 -195.911880607244 -108.256000531944 -68.7034020529107 -54.8832268555328 -0.000997242533060771 0 -6.91008752278325 -87.6558861639575 -8.02749867493268 -95.683378295251 0 -0.000998167442084363 -6.91008856029316 -464.299875769854 
<F0>
-1.24844398804793 -0.316607123580233 -0.00599483542433476 -0.316607123580233 -2.80150542882742 -0.00599483542433476 -0.316607123580233 -0.316607123580233 -0.316607123580233 -0.00599483542433476 -0.00599483542433476 -0.00599483542433476 -0.316607123580233 -0.316607123580233 0 0 0 0 0 
<YOF>
0 0 0 
<lnGmM>
0 0 0 0 0 0 0 0 0 0 0 0 0 0 0 0 0 0 0 
<fDQF>
0 0 0 0 0 0 0 0 0 0 0 0 0 0 0 0 0 0 0 
<FVOL>
1006.62037320738 12391.1014512268 3.03377894351482 
<FWGT>
1012.10331035163 14.0044444667872 7.4053589087251 
<Y_la>
-4.16924089073512 -6.31972677809076 -8.67419418083028 -11.6345897761687 -2.69598633480922 -11.8317175583462 -1.13567885786081 -28.3421872465186 -0.83465320573974 -3.18778566735647 -43.1602567189978 -5.88215893155062 -10.516039834972 -3.4862981740848 -0.0026191316832233 -40.0542564509537 -0.000433498080414569 -3.00101333221732 -2.04727492185441e-10 
<Y_w>
10.2153234957047 0.02779763393026 0.00012572841625874 1.84746336893046e-07 880.473693757326 5.8327399533746e-08 2271.51014743545 6.10772265915431e-24 7005.80637418783 17.9945790334657 0 0.0415466838136625 6.9992661516741e-07 0.444220857220772 989.813486190244 0 0 0 716.522974925715 
<Fx>
-288.98811561997 -280.960617399897 -368.616497475075 -360.588999255002 -201.332235544793 -195.911880607119 -108.256000531942 -68.7034040095543 -54.883226855531 -0.000998166219880121 -92.2283340067444 -6.91008857701169 -87.6558800751774 -8.02749822007285 -95.6833782952502 -92.2283340067444 -0.000998166219880121 -6.91008857701169 -464.299875770325 
<Wx>
4.20139701152404e-06 1.1700826037127e-08 3.79185363142565e-11 5.66699939131389e-14 0.000590383550999535 2.63832431997879e-14 0.0017875743171406 1.11110860460288e-30 0.00357511288320513 1.16214546272376e-05 0 2.34902304735124e-08 7.44561310647236e-13 7.9734190180751e-06 0.994023097748195 0 0.999002330561326 0.000997669438673911 1 
<VL>
-12.3800934661899 -18.263606396171 -23.9955810385943 -30.501531532138 -7.43473814583928 -31.2660473135638 -6.32689570823766 -68.9721945300235 -5.63375852761295 -11.3626576313083 -54.7552246294886 -17.5666812267651 -27.9259811947371 -11.7393971711936 -0.00599483542431926 -54.7552246294886 -0.000998167442084361 -6.91008856029316 0 
<Gamma>
0.288671162191872 0.732984867933448 0.999982066988268 0.732984867933448 0.0610825820317595 0.999982066988268 0.732984867933448 0.732984867933448 0.732984867933448 0.999982066988268 0.999982066988268 0.999982066988268 0.732984867933448 0.732984867933448 0.999964062486375 1 1 1 1 
<lnGmf>
0 0 0 0 0 0 0 0 0 0 0 0 0 0 0 0 0 0 0 
<BF>
0.0332631000047886 0.2 111.21653694855 0.100001 0.00130026155893784 55.6081662524769 -2.09251019289702e-17 0 0 0 0 0.998699738441062 0.000997367250279014 0 
<BFC>
0.0949361281878112 0 0.284808384563433 0 0 0.284808384563433 0 
<XFA>
55.6079279296513 0 
<YFA>
55.6079279296513 0 
<PUL>
1000000 1000000 
<PLL>
0 0 
<Y_m>
0.00023461498464833 6.53399122611724e-07 2.11745207388277e-09 3.16457352530203e-12 0.0329682787354907 1.47329666330344e-12 0.0998219686983492 6.20466781635976e-29 0.199641940980235 0.000648966853520841 0 1.31174465226977e-06 4.15778942071164e-11 0.000445252751736929 55.50837344 0 0 0 0.0947662698958637 
<IC_m>
0.0332035492398783 0.199641940980235 0.000679869896888524 0.0998219686998225 0.00129793370704168 0.000237896157359967 -1.458251921993e-17 
<IC_lm>
-1.47881548753031 -0.699748214985773 -3.16757418139608 -1.00077386710057 -2.88674748288863 -3.62361256535206 0 
<IC_wm>
0.886756990853066 7.00580637418783 0.00067829426593383 2.27151014746898 0.0179945790334657 0.00376742394688536 -0 
<Aalp>
0 0 0 
<Xr0h0>
0 0 0 0 0 0 
<Sigw>
0 0 0 
<Sigg>
0 0 0 
<EZ>
2 1 0 -1 3 0 1 -1 -1 0 0 0 -1 1 0 0 0 0 0 
<Xcond>
0 0 0 
<Xeps>
0 0 0 
<Fug>
0 0.999002331782311 0.000997669421994344 
<Fug_l>
-40.0542563587254 -0.000433498079416403 -3.00101332530723 
<Ppg_l>
-40.0542563587254 -0.000433498079416403 -3.00101332530723 
<sMod>
'DNNSNNNN' 'INNINNNN' 
<LsMod>
2 0 4 0 0 0 
<IPxPH>

<PMc>
0 0 0 0.5 0 0 0 0 
<LsMdc>
0 0 0 0 0 0 
<DMc>

<MoiSN>

<SitFr>

<LsMdc2>
0 0 0 0 0 0 
<DQFc>

<LsPhl>
0 0 0 0 0 0 
<PhLin>

<lPhc>

<lnDQFt>
0 0 0 0 0 0 0 0 0 0 0 0 0 0 0 0 0 0 
<lnRcpt>
0 0 0 0 0 0 0 0 0 0 0 0 0 0 0 0 0 0 
<lnExet>
0 0 0 0 0 0 0 0 0 0 0 0 0 0 0 0 0 0 
<lnCnft>
0 0 0 0 0 0 0 0 0 0 0 0 0 0 0 0 0 0 
<SorMc>
0 0 0 0 0 0 0 0 0 0 0 0 0 0 0 0 
0 0 0 0 0 0 0 0 0 0 0 0 0 0 0 0 
<LsISmo>
0 0 0 0 0 0 0 0 
<xSMd>

<IsoPc>

<IsoSc>

<IsoCt>

<LsESmo>
0 0 0 0 0 0 0 0 
<EImc>

<mCDc>

<lnScalT>
0 0 0 0 0 0 0 0 0 0 0 0 0 0 0 0 0 0 
<lnSACT>
0 0 0 0 0 0 0 0 0 0 0 0 0 0 0 0 0 0 
<lnGammF>
0 0 0 0 0 0 0 0 0 0 0 0 0 0 0 0 0 0 
<CTerms>
0 0 0 0 0 0 0 0 0 0 0 0 0 0 0 0 0 0 
<kMod>
'NNNNNN' 'NNNNNN' 'NNNNNN' 
<LsKin>
0 0 0 0 0 0 0 0 0 0 0 0 0 0 0 0 0 0 
<xSKrC>

<ocPRkC>

<feSArC>

<rpConC>

<apConC>

<AscpC>

<LsUpt>
0 0 0 0 
<UMpcC>

<PfFact>
1 1 1 
<PrT>
0 0 0 
<PkT>
0 0 0 
<PvT>
0 0 0 
<emRd>
0 0 0 0 0 0 0 0 0 0 0 0 0 0 0 0 0 0 
<emDf>
0 0 0 0 0 0 0 0 0 0 0 0 0 0 0 0 0 0 
<Wb>
0 0 0 0 0 0 0 0 0 0 0 0 0 0 0 0 0 0 
<Wabs>
0 0 0 0 0 0 0 0 0 0 0 0 0 0 0 0 0 0 
<Rion>
0 0 0 0 0 0 0 0 0 0 0 0 0 0 0 0 0 0 
<Qp>
0 0 0 0 0 0 0 0 0 0 0 0 0 0 0 0 0 0 0 0 0 0 0 0 0 0 0 0 0 0 0 0 0 0 0 0 0 0 0 0 
0 0 0 0 0 0 0 0 0 0 0 0 0 0 0 0 0 0 0 0 0 0 0 0 0 0 0 0 0 0 0 0 0 0 0 0 0 0 0 0 
0 0 0 0 0 0 0 0 0 0 0 0 0 0 0 0 0 0 0 0 0 0 0 0 0 0 0 0 0 0 0 0 0 0 0 0 0 0 0 0 
0 0 0 0 0 0 0 0 0 0 0 0 0 0 0 0 0 0 0 0 0 0 0 0 0 0 0 0 0 0 0 0 0 0 0 0 0 0 0 0 
0 0 0 0 0 0 0 0 0 0 0 0 0 0 0 0 0 0 0 0 0 0 0 0 0 0 0 0 0 0 0 0 0 0 0 0 0 0 0 0 
0 0 0 0 0 0 0 0 0 0 0 0 0 0 0 0 0 0 0 0 0 0 0 0 0 0 0 0 0 0 0 0 0 0 0 0 0 0 0 0 
0 0 0 0 0 0 0 0 0 0 0 0 0 0 0 0 0 0 0 0 0 0 0 0 0 0 0 0 0 0 0 0 0 0 0 0 0 0 0 0 
0 0 0 0 0 0 0 0 0 0 0 0 0 0 0 0 0 0 0 0 0 0 0 0 0 0 0 0 0 0 0 0 0 0 0 0 0 0 0 0 
0 0 0 0 0 0 0 0 0 0 0 0 0 0 0 0 0 0 0 0 0 0 0 0 0 0 0 0 0 0 0 0 0 0 0 0 0 0 0 0 
<Qd>
0 0 0 0 0 0 0 0 0 0 0 0 0 0 0 0 0 0 0 0 0 0 0 0 0 0 0 0 0 0 0 0 0 0 0 0 0 0 0 0 
0 0 0 0 0 0 0 0 0 0 0 0 0 0 0 0 0 0 0 0 0 0 0 0 0 0 0 0 0 0 0 0 0 0 0 0 0 0 0 0 
0 0 0 0 0 0 0 0 0 0 0 0 0 0 0 0 0 0 0 0 0 0 0 0 0 0 0 0 0 0 0 0 0 0 0 0 0 0 0 0 
<H0>
-767272.330850356 -713640.96758837 -947124.533326078 -925570.494682413 -530629.949664398 -470135.39065188 -240280.450647479 -129326.999499664 -167111.06648022 -10367.857167558 -4018.11726756967 -12236.5067204094 -230009.16869265 0 -285837.30429999 0 0 0 -1289207.67646885 
<A0>
0 0 0 0 0 0 0 0 0 0 0 0 0 0 0 0 0 0 0 
<U0>
0 0 0 0 0 0 0 0 0 0 0 0 0 0 0 0 0 0 0 
<S0>
-184.932992628897 -112.967998974304 20.9199999714599 -30.2084938210448 -325.096975240679 44.7687987232909 58.4086010089844 182.004001192221 56.7350438457505 95.8135974209308 57.7391998616971 108.951399378967 -10.7110335158716 0 69.9241798936394 130.682998657227 191.610000610352 205.136993408203 68.4502029418945 
<Cp0>
55.971014925759 -125.107206518941 -209.212190765992 -49.0419224664928 -128.696352230021 -13.401419974351 38.118227155453 -24.0031594584674 -122.490362897996 234.155323405206 166.852112064487 234.132884195387 -136.338084390688 0 75.3605258482016 28.8176721007834 29.1347219290407 29.3221550499352 105.463993756591 
<VPh>
0 0 0 0 0 0 0 0 0 0 
<GPh>
0 0 0 0 0 0 0 0 0 0 
<HPh>
0 0 0 0 0 0 0 0 0 0 
<SPh>
0 0 0 0 0 0 0 0 0 0 
<CPh>
0 0 0 0 0 0 0 0 0 0 
<APh>
0 0 0 0 0 0 0 0 0 0 
<UPh>
0 0 0 0 0 0 0 0 0 0 