
Flowline  G  series1     0001 0       1000    400     1   

<Short_PARAM>
2 2 -5 1 130 1 0 30000 1 7000 
<Double_PARAM>
1000 1e-13 1e-20 7e-06 0.01 0.01 1e-05 1e-05 1e-05 1e-05 1e-05 1e-05 1e-06 1e-17 1 0 1 1000 0.001 12.05 1e-13 1e-13 1e-33 1e-20 1e-05 1e-10 0.001 1e-10 
<Short_Const>
8 8 51 32 31 0 0 0 20 1 0 5 1 0 77 1 2 1 1 0 0 0 0 2 1 2 0 2 0 1 77 0 0 0 0 0 1 0 0 
<Double_Const>
400 400 673.15 673.15 1000 1000 0 1789.15508030087 -30117908.5216844 0 0 0 0 0 0 0 0 0 0 0 
0 0 0 0 0 0 2.06136514013522 -5381.16488775254 0.582085556325279 5.34076193975851 -2.33435411497411 -0.311166424043401 1e-13 1e-20 55.50837344 0 6.99999282005592e-06 7e-06 6.90775527898214 5596.9124065 
17.2390243034617 55.0037290980573 4.01653388216503 0.0291889844455832 1.66e-24 4.00740098471689 4.03702444302755 0 1005.53083588718 0 0 1 1 
<Add_Double_Const>
1e-13 1e-13 1e-33 1e-20 1e-05 1e-05 1e-05 1e-05 1e-05 1e-05 1e-06 1 
<EpsW>
16.0669704175377 -0.0793026909414388 0.000220102065634746 0.00510500129216047 0 
<EpsWg>
16.0669699822583 -0.0793026927680755 0.000220102056615172 0.00510500173762063 0 
<DenW>
0.692579078618252 -0.00148485384454746 -3.74098519289066e-06 0.000146154660225235 0 
<DenWg>
0.692579066156331 -0.00148485393154562 -3.74098591866584e-06 0.000146154674439969 0 
Error Code 
Error Message
<L1>
32 1 1 1 1 1 1 1 1 1 1 1 1 1 1 1 1 1 1 1 
<muk>
0 1 2 3 4 5 6 7 8 9 10 11 12 13 14 15 16 17 18 19 
<mui>
0 1 2 3 4 5 6 7 
<muj>
0 1 2 3 4 5 6 7 8 9 10 11 12 13 14 15 16 17 18 19 20 21 22 23 24 25 26 27 28 29 30 31 32 33 34 35 36 37 38 39 
40 41 42 43 44 45 46 47 48 49 50 
<DUL>
1000000 1000000 1000000 1000000 1000000 1000000 1000000 1000000 1000000 1000000 1000000 1000000 1000000 1000000 1000000 1000000 1000000 1000000 1000000 1000000 1000000 1000000 1000000 1000000 1000000 1000000 1000000 1000000 1000000 1000000 1000000 1000000 1000000 1000000 1000000 1000000 1000000 1000000 1000000 1000000 
1000000 1000000 1000000 1000000 1000000 1000000 1000000 1000000 1000000 1000000 1000000 
<DLL>
0 0 0 0 0 0 0 0 0 0 0 0 0 0 0 0 0 0 0 0 0 0 0 0 0 0 0 0 0 0 0 0 0 0 0 0 0 0 0 0 
0 0 0 0 0 0 0 0 0 0 0 
<Vol>
-4.18654999813124 28.8600029594203 -16.5174148069444 -57.8294122040581 -31.3484054263801 -33.8610547514904 6.00561745638882 36.7593750013656 42.5793623980747 19.8237594007523 -5.64435411106594 53.9851465238503 29.0669646133767 18.4081480880544 9.04835459783287 -68.4940939421302 0.418430696535925 -71.9229070080978 44.1095788092785 -47.5939484848022 72.363803409057 -25.7520529476842 -12.3617001310688 -56.8352611762808 49.3741625064675 43.9473826077415 63.7413860511935 48.8681458395863 -70.6370885245811 -75.6803473445811 0 26.011904354192 100.059995651245 51.5299987792969 20.6399989128113 25.5800008773804 26.0999989509583 17.7600002288818 27.0199990272522 99.3400001525879 
44.1400003433228 108.920001983643 140.830001831055 132.110004425049 128.100004196167 22.688000202179 49.8600006103516 14.0100002288818 37.5200009346008 53.3900022506714 27.0000004768372 
<Pparc>
1000 1000 1000 1000 1000 1000 1000 1000 1000 1000 1000 1000 1000 1000 1000 1000 1000 1000 1000 1000 1000 1000 1000 1000 1000 1000 1000 1000 1000 1000 1000 1000 1000 1000 1000 1000 1000 1000 1000 1000 
1000 1000 1000 1000 1000 1000 1000 1000 1000 1000 1000 
<MM>
60.996200799942 78.0035508871078 95.0109009742737 26.9815006256104 122.088451743126 43.9888507127762 39.0983009338379 98.0786018371582 74.5513000488281 56.1056510210037 22.9897994995117 118.000700473785 58.442798614502 100.081450581551 39.9971495866776 77.0916510820389 60.084300994873 51.4523992538452 52.4603492021561 67.4517993927002 68.459749341011 83.4511995315552 99.4505996704102 35.4529991149902 36.4609490633011 2.0158998966217 31.99880027771 34.0147001743317 33.0067502260208 17.0073500871658 1.00794994831085 18.0153000354767 262.223003387451 162.045502662659 60.084300994873 101.961201667786 60.084300994873 59.9882508516312 58.442798614502 258.160403728485 
162.045502662659 278.331504821777 398.30800652504 382.199505090714 360.313705682755 60.084300994873 162.045502662659 60.084300994873 74.5513000488281 180.060802698135 60.084300994873 
<Awt>
26.9815006256104 35.4529991149902 1.00794994831085 39.0983009338379 22.9897994995117 15.999400138855 28.0855007171631 0 
<A>
1 0 2 0 0 2 0 1 1 0 3 0 0 3 0 0 1 0 4 0 0 4 0 -1 1 0 0 0 0 0 0 3 1 0 3 0 0 4 1 2 
1 0 1 0 0 1 0 2 0 0 0 1 0 0 0 1 1 0 0 1 0 2 0 0 0 1 0 1 0 0 0 0 0 0 1 1 0 1 0 0 
0 0 0 0 1 0 0 1 1 0 4 0 1 4 0 0 0 1 0 0 1 0 0 0 0 0 1 0 1 3 1 0 0 0 1 0 1 1 0 0 
0 0 1 0 0 3 1 -1 0 0 0 0 0 2 1 0 0 1 0 0 0 1 0 -1 0 1 1 0 0 1 0 0 0 1 0 0 0 2 0 -1 
0 1 1 0 0 2 0 0 0 1 0 0 0 3 0 -1 0 1 0 0 0 4 0 -1 0 1 0 0 0 0 0 -1 0 1 1 0 0 0 0 0 
0 0 2 0 0 0 0 0 0 0 0 0 0 2 0 0 0 0 2 0 0 2 0 0 0 0 1 0 0 2 0 -1 0 0 1 0 0 1 0 -1 
0 0 1 0 0 0 0 1 0 0 2 0 0 1 0 0 1 0 0 0 1 8 3 0 2 0 0 0 0 5 1 0 0 0 0 0 0 2 1 0 
2 0 0 0 0 3 0 0 0 0 0 0 0 2 1 0 1 0 1 0 0 2 0 0 0 1 0 0 1 0 0 0 2 0 4 0 0 9 2 0 
2 0 0 0 0 5 1 0 1 0 0 1 0 8 3 0 3 0 2 1 0 12 3 0 3 0 2 0 1 12 3 0 2 0 2 0 0 12 4 0 
0 0 0 0 0 2 1 0 2 0 0 0 0 5 1 0 0 0 0 0 0 2 1 0 0 1 0 1 0 0 0 0 2 0 2 0 0 6 1 0 
0 0 0 0 0 2 1 0 
<XFs>
56.6575041040767 2.14072480015105 0 0 0 0 0 0 0 0 0.553215382699664 0.504494327946688 0 0 1.48561517505553 0 0 0 0 0 
<Falps>
1.95044892233637e-09 2.30533080434438e-08 -0.953574954709338 -0.441490777725201 -1.13618191379028 -0.143079520255856 -0.661279918664372 -1.91811219630622 -1.7960608666611 -1.04611431888477 -8.93046847183554e-08 3.00191283017797e-11 -0.405005300989789 -1.22845998273312 1.9376162310654e-09 -1.03578503164872 -3.55772275044672 -2.79486536739295 -2.13488372826251 -0.116612572221168 
<G>
-157.186913410727 -199.071341919908 -240.874261791441 -68.5129623590258 -322.535379036271 -112.428861375397 -54.6873233703174 -203.470267357084 -78.3470081718286 -79.8466156533004 -49.4059581702651 -295.566410007677 -74.2587350901369 -231.595198829316 -73.9301487228652 -177.632223354333 -149.449509252 -3.57899785718273 -20.8364124743685 1.62607814975967 -10.1750934989104 -7.43039893001172 -9.72422986042741 -20.4014199468992 -23.6844564779887 -0.656466902184699 -5.84431298635604 -30.6520447297774 -6.89684763985219 -21.2640771845885 2.83812129730765 -48.988226647128 -683.039720868446 -445.998819014732 -156.030567076951 -288.531213789454 -156.717684391409 -168.560395239528 -74.6261622074146 -699.143516109126 
-445.785739253824 -689.954565997226 -1030.12066325434 -1022.27325869619 -965.526012052142 -157.047137167009 -445.809523316684 -148.855177775347 -79.5222088087363 -492.297482755772 -156.778626791538 
<G0>
-156.008500825869 -199.002863786802 -239.695849206584 -58.4550741601521 -318.027163096157 -107.920645435283 -53.50891078546 -203.401789223978 -78.2785300387232 -79.7781375201951 -48.2275455854078 -295.497931874572 -74.1902569570316 -231.526720696211 -73.8616705897598 -176.453810769476 -149.381031118894 -2.40058527232535 -20.7679343412631 2.80449073461705 -10.1066153658051 -6.25198634515435 -8.54581727557004 -19.2230073620419 -23.6159783448834 -0.587988769079365 -5.7758348532507 -30.5835665966721 -5.71843505499481 -20.0856645997311 4.01653388216503 -48.993895789759 -683.039720868446 -445.998819014732 -156.030567076951 -288.531213789454 -156.717684391409 -168.560395239528 -74.6261622074146 -699.143516109126 
-445.785739253824 -689.954565997226 -1030.12066325434 -1022.27325869619 -965.526012052142 -157.047137167009 -445.809523316684 -148.855177775347 -79.5222088087363 -492.297482755772 -156.778626791538 
<lnGam>
-1.17841258485738 -0.068478133105334 -1.17841258485738 -10.0578881988737 -4.50821594011351 -4.50821594011351 -1.17841258485738 -0.068478133105334 -0.068478133105334 -0.068478133105334 -1.17841258485738 -0.068478133105334 -0.068478133105334 -0.068478133105334 -0.068478133105334 -1.17841258485738 -0.068478133105334 -1.17841258485738 -0.068478133105334 -1.17841258485738 -0.068478133105334 -1.17841258485738 -1.17841258485738 -1.17841258485738 -0.068478133105334 -0.068478133105334 -0.068478133105334 -0.068478133105334 -1.17841258485738 -1.17841258485738 -1.17841258485738 0.00566914263100392 0 0 0 0 0 0 0 0 
0 0 0 0 0 0 0 0 0 0 0 
<lnGmo>
-1.20760156930296 -0.0976671175509171 -1.20760156930296 -10.0870771833193 -4.53740492455909 -4.53740492455909 -1.20760156930296 -0.0976671175509171 -0.0976671175509171 -0.0976671175509171 -1.20760156930296 -0.0976671175509171 -0.0976671175509171 -0.0976671175509171 -0.0976671175509171 -1.20760156930296 -0.0976671175509171 -1.20760156930296 -0.0976671175509171 -1.20760156930296 -0.0976671175509171 -1.20760156930296 -1.20760156930296 -1.20760156930296 -0.0976671175509171 -0.0976671175509171 -0.0976671175509171 -0.0976671175509171 -1.20760156930296 -1.20760156930296 -1.20760156930296 0.00654675608955923 0 0 0 0 0 0 0 0 
0 0 0 0 0 0 0 0 0 0 0 
<B>
4.20748277759403 1.05 111.016946657646 1.17839396190408 3.07003907358169 85.6342675989761 11.1077267930095 0 
<U>
-92.8131226475219 -30.3050081112732 -6.92250985320386 -55.6526160427153 -48.7377706552205 -35.1737080124893 -86.699721137569 -5.3750489980878 
<Uc>
0 0 0 0 0 0 0 0 0 0 0 0 0 0 0 0 
<Uefd>
0 0 0 0 0 0 0 0 
<U_r>
-519466.917631921 -169614.475877068 -38744.6812815152 -311482.817183654 -272781.033245355 -196864.16275771 -485250.74487495 -30083.678422943 
<C>
-1.77635683940025e-15 2.68204512418602e-17 2.8643754035329e-14 -1.11022302462516e-16 -4.44089209850063e-16 1.15463194561016e-14 4.44089209850063e-16 7.83285247643942e-17 
<XF>
56.6575041040767 2.14072480015105 0 0 0 0 0 0 0 0 0.553215382699664 0.504494327946688 0 0 1.48561517505553 0 0 0 0 0 
<YF>
56.6575041040767 2.14072480015105 0 0 0 0 0 0 0 0 0.553215382699664 0.504494327946688 0 0 1.48561517505553 0 0 0 0 0 
<Falp>
1.95044892233637e-09 2.30533080434438e-08 -0.953574954709338 -0.441490777725201 -1.13618191379028 -0.143079520255856 -0.661279918664372 -1.91811219630622 -1.7960608666611 -1.04611431888477 -8.93046847183554e-08 3.00191283017797e-11 -0.405005300989789 -1.22845998273312 1.9376162310654e-09 -1.03578503164872 -3.55772275044672 -2.79486536739295 -2.13488372826251 -0.116612572221168 
<X>
6.11270355422825e-10 1.06809168350985e-07 1.72022186209641e-05 1.48329014146587e-16 1.12380765141209e-11 1.97632688060142e-13 0.0942192467193572 1.15980207905753e-05 0.026452509335772 8.97181803390698e-07 0.482560116185573 3.07032319699357e-05 0.44671650240695 4.51676250392845e-06 2.43484363807346e-06 5.2469064649985e-06 0.0267983218815764 1.51134402189223e-23 2.15477443964846e-21 0 0 0 0 0.576760836434987 7.015182229106e-05 0.000100000000013388 5.18052372915065e-27 2.98826470772596e-22 3.15812640569467e-27 1.03463071363751e-05 1.42683281363769e-05 55.0037290980573 2.14072480015105 0 0 0 0 0 0 0 
0 0.553215382699664 0.504494327946688 0 0 1.48561517505553 0 0 0 0 0 
<Y>
6.11270355422825e-10 1.06809168350985e-07 1.72022186209641e-05 1.48329014146587e-16 1.12380765141209e-11 1.97632688060142e-13 0.0942192467193572 1.15980207905753e-05 0.026452509335772 8.97181803390698e-07 0.482560116185573 3.07032319699357e-05 0.44671650240695 4.51676250392845e-06 2.43484363807346e-06 5.2469064649985e-06 0.0267983218815764 1.51134402189223e-23 2.15477443964846e-21 0 0 0 0 0.576760836434987 7.015182229106e-05 0.000100000000013388 5.18052372915065e-27 2.98826470772596e-22 3.15812640569467e-27 1.03463071363751e-05 1.42683281363769e-05 55.0037290980573 2.14072480015105 0 0 0 0 0 0 0 
0 0.553215382699664 0.504494327946688 0 0 1.48561517505553 0 0 0 0 0 
<XY>
0 0 0 0 0 0 0 0 0 0 0 0 0 0 0 0 0 0 0 0 0 0 0 0 0 0 0 0 0 0 0 0 0 0 0 0 0 0 0 0 
0 0 0 0 0 0 0 0 0 0 0 
<XU>
0 0 0 0 0 0 0 0 0 0 0 0 0 0 0 0 0 0 0 0 0 0 0 0 0 0 0 0 0 0 0 0 0 0 0 0 0 0 0 0 
0 0 0 0 0 0 0 0 0 0 0 
<MU>
0 0 0 0 0 0 0 0 0 0 0 0 0 0 0 0 0 0 0 0 0 0 0 0 0 0 0 0 0 0 0 0 0 0 0 0 0 0 0 0 
0 0 0 0 0 0 0 0 0 0 0 
<EMU>
1.07888668081204e-11 1.88517207065413e-09 3.03617928430276e-07 2.61800360082179e-18 1.98351291318767e-13 3.48820363594083e-15 0.00166296336584629 2.04704209710627e-07 0.000466884609677823 1.58351977182266e-08 0.00851714639914278 5.41909306358927e-07 0.00788450278117356 7.97204837684483e-08 4.29747881244077e-08 9.26075566848664e-08 0.000472988090836029 2.66751072050547e-25 3.8031561599797e-23 7.75931037819272e-43 4.72329314986848e-43 3.52576913195021e-54 1.85227181546975e-68 0.0101797827644354 1.23817267885483e-06 1.76499053572737e-06 9.14358315959495e-29 5.27426265476052e-24 5.57407364354135e-29 1.82611644266013e-07 2.51834787949064e-07 0.970811015604682 1.0000000530822 0.111282031501795 0.361833874219393 0.0730832893938207 0.719317257404424 0.218132351593497 0.0120750184691943 0.0159933386519954 
0.0899260838877338 0.999999794368385 1.00000000006912 0.393545271820718 0.0590935413723898 1.00000000446153 0.0920905291348357 0.000276870859913673 0.00160374247867084 0.00733020755270045 0.764517494376646 
<NMU>
-25.2525063645908 -20.0892467360459 -15.0074957403678 -40.4841196309967 -29.2487367376677 -33.2893895087043 -6.39915410796991 -15.4016997792213 -7.66942841931109 -17.9610306708811 -4.76567392392046 -14.4281671809493 -4.84285611937933 -16.3447392732754 -16.9626522158954 -16.1948950929557 -7.65644034772582 -56.5834816017318 -51.6236258484461 -96.9622655372875 -97.4586527411835 -123.079496415754 -155.959373429528 -4.58735160753387 -13.6018739113165 -13.2473652297875 -64.5619153575949 -53.5992033433533 -65.0568415558811 -15.5159041015634 -15.1944925678136 -0.0296234582588769 5.30822034450335e-08 -2.19568747576619 -1.0165700834844 -2.61615553762294 -0.329452770453873 -1.5226532830129 -4.41661654990477 -4.13558297768381 
-2.40876723623168 -2.05631635767018e-07 6.91215973323536e-11 -0.932559168642655 -2.828633643581 4.46152624959449e-09 -2.3849831734207 -8.1919593701844 -6.43541533188434 -4.9157514479728 -0.268510370452153 
<W>
3.73651447418747e-19 1.1408198443829e-14 2.95916325483443e-10 2.20014964376984e-32 1.26294363737235e-22 3.90586793898775e-26 0.0088772664523631 1.34514086258618e-10 0.000699735250159107 8.04935188335385e-13 0.232864265733034 9.42688453399684e-10 0.199555633522699 2.0401143516894e-11 5.92846354186678e-12 2.75300274524431e-11 0.000718150055668578 2.28416075250937e-46 4.64305288576234e-42 0 0 0 0 0.332653062445186 4.92127817075647e-09 1.00000000026777e-08 2.68378261082929e-53 8.9297259634405e-44 9.97376239434591e-54 1.07046071360207e-10 2.03585187807325e-10 3025.41021469247 4.58270266998175 0 0 0 0 0 0 0 
0 0.306047259655536 0.25451452693038 0 0 2.20705244835528 0 0 0 0 0 
<F>
-182.380607185387 -219.101775988301 -255.822945984585 -108.938273158229 -351.725304451286 -145.65943957354 -61.0276661712433 -218.813155453267 -85.95762442636 -97.7488349696307 -54.1128199433699 -309.935764640967 -79.0427781987844 -247.881125910537 -90.8339887409716 -193.7683072544 -157.047137262056 -60.1036676606539 -72.4012253778137 0 0 0 0 -24.9299595404847 -37.2275172529489 -13.8450192742983 -70.3474163402924 -84.1924359223013 -71.8948782087946 -36.7211700851983 -12.2975589956318 -49.0187277188972 -683.039720868446 0 0 0 0 0 0 0 
0 -689.954565997226 -1030.12066325434 0 0 -157.047137167009 0 0 0 0 0 
<F0>
-1.17841258485738 -0.068478133105334 -1.17841258485738 -10.0578881988737 -4.50821594011351 -4.50821594011351 -1.17841258485738 -0.068478133105334 -0.068478133105334 -0.068478133105334 -1.17841258485738 -0.068478133105334 -0.068478133105334 -0.068478133105334 -0.068478133105334 -1.17841258485738 -0.068478133105334 -1.17841258485738 -0.068478133105334 -1.17841258485738 -0.068478133105334 -1.17841258485738 -1.17841258485738 -1.17841258485738 -0.068478133105334 -0.068478133105334 -0.068478133105334 -0.068478133105334 -1.17841258485738 -1.17841258485738 -1.17841258485738 0.00566914263100392 0 0 0 0 0 0 0 0 
0 0 0 0 0 0 0 0 0 0 0 
<YOF>
0 0 0 0 0 0 0 0 0 0 0 0 0 0 0 0 0 0 0 0 
<lnGmM>
0 0 0 0 0 0 0 0 0 0 0 0 0 0 0 0 0 0 0 0 0 0 0 0 0 0 0 0 0 0 0 0 0 0 0 0 0 0 0 0 
0 0 0 0 0 0 0 0 0 0 0 
<fDQF>
0 0 0 0 0 0 0 0 0 0 0 0 0 0 0 0 0 0 0 0 0 0 0 0 0 0 0 0 0 0 0 0 0 0 0 0 0 0 0 0 
0 0 0 0 0 0 0 0 0 0 0 
<FVOL>
1409.94437100571 214.200914193627 0 0 0 0 0 0 0 0 60.256220581029 71.0479371284887 0 0 33.70563739202 0 0 0 0 0 
<FWGT>
1055.83430424803 561.347286521609 0 0 0 0 0 0 0 0 153.977269957353 200.944130067635 0 0 89.2621493405876 0 0 0 0 0 
<Y_la>
-9.70890183059431 -6.98448825762028 -5.25955024946561 -20.1802146840135 -12.8905578530382 -14.645391054782 -1.52099498018683 -4.94871248061424 -1.59062969643535 -6.06021576422375 -0.811583549957681 -4.52591264523287 -0.36306494387758 -5.35826932909771 -5.62662551037347 -5.7752312361087 -1.58498904861532 -23.3157714886969 -20.6796950963454 -40.8520545378271 -40.585594353697 -52.1946237909089 -66.4741729436118 -0.73413915195098 -4.16705803779844 -4.01309687362403 -26.298722835421 -21.5376775009537 -26.9957049599545 -5.48034919528577 -5.34076193975851 -0.0107843697772208 2.3053308028761e-08 -0.953574954706872 -0.441490777724059 -1.13618191378734 -0.143079520255486 -0.661279918662662 -1.91811219630126 -1.79606086665645 
-1.04611431888206 -8.93046847046611e-08 3.0019128240383e-11 -0.405005300988742 -1.22845998272994 1.93761623135788e-09 -1.03578503164604 -3.55772275043752 -2.79486536738573 -2.13488372825698 -0.116612572220866 
<Y_w>
3.53134665092902e-05 0.00789091087981785 1.54796854332011 3.79049948641576e-12 1.29948359951894e-06 8.23390069451655e-09 3489.00622680238 1.07736380475729 1867.78261759555 0.0476750650749915 10507.2929274339 3.43141235768225 24726.7610863788 0.428139284267206 0.0922368261955207 0.383102425098642 1525.01053585003 7.36500753114794e-19 1.07062461506539e-16 0 0 0 0 19366.5818030545 2.42254112123565 0.190929569988477 1.57004317321448e-22 9.6269772317378e-18 9.87271289022991e-23 0.166658032297024 0.013621228775841 938.507755227094 27231.8220383211 0 0 0 0 0 0 0 
0 7469.67468108308 9748.10945209123 0 0 4330.24443863121 0 0 0 0 0 
<Fx>
-182.380607376996 -219.101776244601 -255.822945112206 -108.938269641785 -351.725303390835 -145.659438509391 -61.0276650408031 -218.813154715216 -85.9576241539885 -97.7488339084084 -54.1128196533083 -309.935764765515 -79.0427787664937 -247.881125683461 -90.8339885209136 -193.768306030153 -157.047137162548 -60.1036671256746 -72.4012259769663 -95.2773751381639 -107.574933989456 -130.451083150653 -165.624791163142 -24.9299591131854 -37.227517964477 -13.8450197064077 -70.3474160249785 -84.1924357313862 -71.8948768800946 -36.7211688676053 -12.2975588512917 -49.018727718897 -683.039720815363 -448.194506495059 -157.047137162548 -291.147369332512 -157.047137162548 -170.083048525704 -79.0427787664937 -703.2790990954 
-448.194506495059 -689.954566202858 -1030.12066325427 -1023.20581786677 -968.354645701598 -157.047137162548 -448.194506495059 -157.047137162548 -85.9576241539885 -497.213234213956 -157.047137162548 
<Wx>
1.07888683959667e-11 1.88517249462282e-09 3.03617656530802e-07 2.61799414732627e-18 1.98351069144824e-13 3.48819968661348e-15 0.00166296147719959 2.04704054193252e-07 0.000466884479894847 1.58351804862887e-08 0.00851714391264283 5.41909363206956e-07 0.00788450725938009 7.97204637823685e-08 4.29747775969937e-08 9.2607440937748e-08 0.00047298804113131 2.66750900130717e-25 3.80315807009476e-23 0 0 0 0 0.0101797783992657 1.23817353765169e-06 1.76499126805328e-06 9.14357914466954e-29 5.27426111506197e-24 5.57406552871331e-29 1.82611417498546e-07 2.51834745670525e-07 0.970811015554417 1 0 0 0 0 0 0 0 
0 1 1 0 0 1 0 0 0 0 0 
<VL>
-25.2525062174163 -20.0892465111494 -15.0074966358999 -40.4841232419591 -29.2487378577717 -33.2893906409002 -6.39915524368211 -15.4017005389391 -7.66942869728768 -17.9610317590865 -4.765674215861 -14.4281670760461 -4.84285555140372 -16.3447395239774 -16.9626524608626 -16.1948963428234 -7.65644045281245 -56.5834822462274 -51.6236253462015 -54.7552246294886 -54.7552246294886 -54.7552246294886 -54.7552246294886 -4.58735203634171 -13.6018732177165 -13.2473648148698 -64.5619157966926 -53.5992036352801 -65.0568430116987 -15.515905343366 -15.1944927356956 -0.0296234583106536 0 0 0 0 0 0 0 0 
0 0 0 0 0 0 0 0 0 0 0 
<Gamma>
0.316882701494852 0.961472660418448 0.316882701494852 4.41155065693681e-05 0.0113444464351656 0.0113444464351656 0.316882701494852 0.961472660418448 0.961472660418448 0.961472660418448 0.316882701494852 0.961472660418448 0.961472660418448 0.961472660418448 0.961472660418448 0.316882701494852 0.961472660418448 0.316882701494852 0.961472660418448 0.316882701494852 0.961472660418448 0.316882701494852 0.316882701494852 0.316882701494852 0.961472660418448 0.961472660418448 0.961472660418448 0.961472660418448 0.316882701494852 0.316882701494852 0.316882701494852 1.00480302690493 1 1 1 1 1 1 1 1 
1 1 1 1 1 1 1 1 1 1 1 
<lnGmf>
0 0 0 0 0 0 0 0 0 0 0 0 0 0 0 0 0 0 0 0 0 0 0 0 0 0 0 0 0 0 0 0 0 0 0 0 0 0 0 0 
0 0 0 0 0 0 0 0 0 0 0 
<BF>
5.96109032560391e-05 1.05 110.007958001753 0.120684251257723 0.929314273430635 55.057583850699 0.0268080855617834 -7.83285247643942e-17 
<BFC>
4.20742316669078 0 1.00898865589338 1.05770971064635 2.14072480015105 30.576683748277 11.0809187074477 0 
<XFA>
55.0037290980573 
<YFA>
55.0037290980573 
<PUL>
1000000 
<PLL>
0 
<Y_m>
6.16878594416083e-10 1.07789113374442e-07 1.73600442907103e-05 1.4968989244469e-16 1.13411828047443e-11 1.9944591413546e-13 0.0950836826414974 1.17044294718819e-05 0.0266952039029309 9.05413202033181e-07 0.48698747379612 3.09849257593127e-05 0.45081500462533 4.55820256947897e-06 2.4571826651707e-06 5.29504540249143e-06 0.0270441891846394 1.52521019158393e-23 2.17454390814453e-21 0 0 0 0 0.582052459992359 7.07954461503402e-05 0.000100917472772251 5.22805362312567e-27 3.01568122237839e-22 3.18710135515349e-27 1.0441231685887e-05 1.43992361601558e-05 55.50837344 2.16036776965635 0 0 0 0 0 0 0 
0 0.558291604029686 0.509123492189918 0 0 1.49924695695397 0 0 0 0 0 
<IC_m>
6.01578170546521e-05 1.05963346396677 0.000504391218900458 0.121791496387102 0.937840478732445 0.0543488553265531 0.0270540424439525 -1.22577525928959e-16 
<IC_lm>
-4.22070792258626 0.0251556651132897 -3.29723247593972 -0.91438303164936 -0.0278710262728928 -1.26480959578422 -1.56776782970219 0 
<IC_wm>
0.00152333715340071 35.2570937702692 0.000477138377949495 4.4690243105995 20.2349447562426 0.816078558376191 0.713102901887118 -0 
<Aalp>
0 0 0 0 0 0 0 0 0 0 0 0 0 0 0 0 0 0 0 0 
<Xr0h0>
0 0 0 0 0 0 0 0 0 0 0 0 0 0 0 0 0 0 0 0 0 0 0 0 0 0 0 0 0 0 0 0 0 0 0 0 0 0 0 0 
<Sigw>
0 0 0 0 0 0 0 0 0 0 0 0 0 0 0 0 0 0 0 0 
<Sigg>
0 0 0 0 0 0 0 0 0 0 0 0 0 0 0 0 0 0 0 0 
<EZ>
1 0 -1 3 2 2 1 0 0 0 1 0 0 0 0 -1 0 -1 0 -1 0 -1 -1 -1 0 0 0 0 -1 -1 1 0 0 0 0 0 0 0 0 0 
0 0 0 0 0 0 0 0 0 0 0 
<Xcond>
0 0 0 0 0 0 0 0 0 0 0 0 0 0 0 0 0 0 0 0 
<Xeps>
0 0 0 0 0 0 0 0 0 0 0 0 0 0 0 0 0 0 0 0 
<sMod>
'HNNSNNNN' 
<LsMod>
2 0 4 
<IPxPH>

<PMc>
-0.0547446757555008 3.72000002861023 1 1 1 0 0 0 
<LsMdc>
0 0 0 
<DMc>

<MoiSN>

<SitFr>

<LsMdc2>
0 0 0 
<DQFc>

<LsPhl>
0 0 0 0 0 0 0 0 0 0 0 0 0 0 0 0 0 0 0 0 0 0 0 0 0 0 0 0 0 0 0 0 0 0 0 0 0 0 0 0 
<PhLin>

<lPhc>

<lnDQFt>
0 0 0 0 0 0 0 0 0 0 0 0 0 0 0 0 0 0 0 0 0 0 0 0 0 0 0 0 0 0 0 0 
<lnRcpt>
0 0 0 0 0 0 0 0 0 0 0 0 0 0 0 0 0 0 0 0 0 0 0 0 0 0 0 0 0 0 0 0 
<lnExet>
0 0 0 0 0 0 0 0 0 0 0 0 0 0 0 0 0 0 0 0 0 0 0 0 0 0 0 0 0 0 0 0 
<lnCnft>
0 0 0 0 0 0 0 0 0 0 0 0 0 0 0 0 0 0 0 0 0 0 0 0 0 0 0 0 0 0 0 0 
<SorMc>
0 0 0 0 0 0 0 0 0 0 0 0 0 0 0 0 
<LsISmo>
0 0 0 0 
<xSMd>

<IsoPc>

<IsoSc>

<IsoCt>

<LsESmo>
0 0 0 0 
<EImc>

<mCDc>

<lnScalT>
0 0 0 0 0 0 0 0 0 0 0 0 0 0 0 0 0 0 0 0 0 0 0 0 0 0 0 0 0 0 0 0 
<lnSACT>
0 0 0 0 0 0 0 0 0 0 0 0 0 0 0 0 0 0 0 0 0 0 0 0 0 0 0 0 0 0 0 0 
<lnGammF>
0 0 0 0 0 0 0 0 0 0 0 0 0 0 0 0 0 0 0 0 0 0 0 0 0 0 0 0 0 0 0 0 
<CTerms>
0 0 0 0 0 0 0 0 0 0 0 0 0 0 0 0 0 0 0 0 0 0 0 0 0 0 0 0 0 0 0 0 
<kMod>
'NNNNNN' 'NNNNNN' 'NNNNNN' 'NNNNNN' 'NNNNNN' 'NNNNNN' 'NNNNNN' 'NNNNNN' 'NNNNNN' 'NNNNNN' 'NNNNNN' 'NNNNNN' 'NNNNNN' 'NNNNNN' 'NNNNNN' 'NNNNNN' 'NNNNNN' 'NNNNNN' 'NNNNNN' 'NNNNNN' 
<LsKin>
0 0 0 0 0 0 0 0 0 0 0 0 0 0 0 0 0 0 0 0 0 0 0 0 0 0 0 0 0 0 0 0 0 0 0 0 0 0 0 0 
0 0 0 0 0 0 0 0 0 0 0 0 0 0 0 0 0 0 0 0 0 0 0 0 0 0 0 0 0 0 0 0 0 0 0 0 0 0 0 0 
0 0 0 0 0 0 0 0 0 0 0 0 0 0 0 0 0 0 0 0 0 0 0 0 0 0 0 0 0 0 0 0 0 0 0 0 0 0 0 0 
<xSKrC>

<ocPRkC>

<feSArC>

<rpConC>

<apConC>

<AscpC>

<LsUpt>
0 0 
<UMpcC>

<PfFact>
1 1 1 1 1 1 1 1 1 1 1 1 1 1 1 1 1 1 1 1 
<PrT>
0 0 0 0 0 0 0 0 0 0 0 0 0 0 0 0 0 0 0 0 
<PkT>
0 0 0 0 0 0 0 0 0 0 0 0 0 0 0 0 0 0 0 0 
<PvT>
0 0 0 0 0 0 0 0 0 0 0 0 0 0 0 0 0 0 0 0 
<emRd>
0 0 0 0 0 0 0 0 0 0 0 0 0 0 0 0 0 0 0 0 0 0 0 0 0 0 0 0 0 0 0 0 
<emDf>
0 0 0 0 0 0 0 0 0 0 0 0 0 0 0 0 0 0 0 0 0 0 0 0 0 0 0 0 0 0 0 0 
<Wb>
0 0 0 0 0 0 0 0 0 0 0 0 0 0 0 0 0 0 0 0 0 0 0 0 0 0 0 0 0 0 0 0 
<Wabs>
0 0 0 0 0 0 0 0 0 0 0 0 0 0 0 0 0 0 0 0 0 0 0 0 0 0 0 0 0 0 0 0 
<Rion>
0 0 0 0 0 0 0 0 0 0 0 0 0 0 0 0 0 0 0 0 0 0 0 0 0 0 0 0 0 0 0 0 
<Qp>
0 0 0 0 0 0 0 0 0 0 0 0 0 0 0 0 0 0 0 0 0 0 0 0 0 0 0 0 0 0 0 0 0 0 0 0 0 0 0 0 
0 0 0 0 0 0 0 0 0 0 0 0 0 0 0 0 0 0 0 0 0 0 0 0 0 0 0 0 0 0 0 0 0 0 0 0 0 0 0 0 
0 0 0 0 0 0 0 0 0 0 0 0 0 0 0 0 0 0 0 0 0 0 0 0 0 0 0 0 0 0 0 0 0 0 0 0 0 0 0 0 
0 0 0 0 0 0 0 0 0 0 0 0 0 0 0 0 0 0 0 0 0 0 0 0 0 0 0 0 0 0 0 0 0 0 0 0 0 0 0 0 
0 0 0 0 0 0 0 0 0 0 0 0 0 0 0 0 0 0 0 0 
<Qd>
0 0 0 0 0 0 0 0 0 0 0 0 0 0 0 0 0 0 0 0 0 0 0 0 0 0 0 0 0 0 0 0 0 0 0 0 0 0 0 0 
0 0 0 0 0 0 0 0 0 0 0 0 0 0 0 0 0 0 0 0 
<H0>
-981736.652928691 -1207453.05559536 -1464901.35095109 -558395.473479507 -1909229.11920491 -773853.253435901 -245919.192595588 -1141508.99332615 -393771.750815762 -484049.242301505 -221609.736187593 -1636820.07966732 -381233.472048548 -1371419.78355658 -463090.030811662 -1196349.38953002 -864040.893348419 -165037.97411381 -92828.5324988209 -112476.288356188 3925.1604179208 -137830.878854207 -147689.749292849 -233952.892618653 -105258.929509595 56626.8661577039 73772.2843004732 -161396.538804605 -227802.491375056 -290365.772149369 0 -255461.74377489 -3826233.80559842 -2523763.15294974 -882010.480299926 -1634133.20913219 -881902.643974539 -970824.198940371 -388378.027971488 -4009163.68859284 
-2528798.98962437 -3868603.87583994 -5815261.46283493 -5778833.67598046 -5486596.27927976 -886739.354329264 -2520910.4588545 -852719.508475128 -412154.077780944 -2822142.35335112 -882512.733822104 
<A0>
0 0 0 0 0 0 0 0 0 0 0 0 0 0 0 0 0 0 0 0 0 0 0 0 0 0 0 0 0 0 0 0 0 0 0 0 0 0 0 0 
0 0 0 0 0 0 0 0 0 0 0 
<U0>
0 0 0 0 0 0 0 0 0 0 0 0 0 0 0 0 0 0 0 0 0 0 0 0 0 0 0 0 0 0 0 0 0 0 0 0 0 0 0 0 
0 0 0 0 0 0 0 0 0 0 0 
<S0>
4.4472770410943 129.923405623705 189.125299338529 -384.391399131479 72.9096802050972 -189.87061659505 112.72191729486 160.851328881339 177.320790627053 80.6532124902977 98.9814111384347 391.550195566147 155.996967729094 117.401435498802 56.4752813540142 -74.3287239413734 90.9962312670909 -68.8647764369903 191.906053773347 12.1445420389759 292.42645962829 95.1716546246969 145.102770194887 -76.0271306020003 151.726309134504 180.524189983399 281.869948681367 196.572541651379 -108.736750094719 -127.660068160012 0 131.109876123035 418.755105225118 219.6266427517 86.2355435472449 132.761726871421 92.1079746173745 91.6197257970611 115.648339421722 423.56901839479 
210.37401774661 419.23166383607 620.351270185328 603.29288932542 538.676884132238 87.6623948393075 222.290303992399 70.0877334731764 126.962710893578 264.628404625051 91.7079730914955 
<Cp0>
0 0 0 0 0 0 0 0 0 0 0 0 0 0 0 0 0 0 0 0 0 0 0 0 0 0 0 0 0 0 0 0 0 0 0 0 0 0 0 0 
0 0 0 0 0 0 0 0 0 0 0 
<VPh>
0 0 0 0 0 
<GPh>
0 0 0 0 0 
<HPh>
0 0 0 0 0 
<SPh>
0 0 0 0 0 
<CPh>
0 0 0 0 0 
<APh>
0 0 0 0 0 
<UPh>
0 0 0 0 0 