

Next record
TiQ_PRSV  G  MySystem    0    0       10000   900     0   

<Short_PARAM>
2 2 -5 1 130 1 0 30000 1 7000 
<Double_PARAM>
1000 1e-13 1e-20 1e-06 0.01 0.01 1e-05 1e-05 1e-05 1e-05 1e-05 1e-05 1e-06 1e-17 1 0 1 1000 0.001 12.05 1e-13 1e-13 1e-33 1e-20 1e-05 1e-10 0.001 1e-10 
<Short_Const>
4 4 6 5 0 3 0 0 3 2 0 3 2 0 4 0 2 1 1 0 1 0 0 2 1 2 0 2 0 2 4 0 0 0 0 0 1 0 0 
<Double_Const>
900 900 1173.15 1173.15 10000 10000 0 1562.79031302896 -20377127.8649138 0 0 0 0 0 0 0 0 0 0 0 
0 0 0 0 175.273804488076 1000 1.20000001 -2089.06890928844 0 0 0 0 1e-13 1e-20 55.50837344 0 9.99999e-07 0 0 0 
0 1e-06 9.21034037197618 9754.1674065 9.89170115490369 0 4.01653388216503 0 1.66e-24 -101 2.25120935057798 9.49921677601728 200 
<Add_Double_Const>
1e-13 1e-13 1e-33 1e-20 1e-05 1e-05 1e-05 1e-05 1e-05 1e-05 1e-06 1 
<EpsW>
0 0 0 0 0 
<EpsWg>
0 0 0 0 0 
<DenW>
0 0 0 0 0 
<DenWg>
0 0 0 0 0 
Error Code 
Error Message
<L1>
3 2 1 
<muk>
0 1 8 
<mui>
0 1 2 3 
<muj>
0 1 2 3 4 14 
<DUL>
1000000 1000000 1000000 1000000 1000000 1000000 
<DLL>
0 0 0 0 0 0 
<Vol>
26.1516179771592 27.0205237998301 29.3500651341565 23.3899862842994 19.167902927536 19.167902927536 
<Pparc>
51564.5632654552 33719.0461889242 72977.6338024247 10000 10000 10000 
<MM>
2.0158998966217 18.0153000354767 31.99880027771 60.084300994873 79.8788013458252 79.8788013458252 
<Awt>
1.00794994831085 15.999400138855 28.0855007171631 47.8800010681152 
<A>
2 0 0 0 2 1 0 0 0 2 0 0 0 2 1 0 0 2 0 1 0 2 0 1 
<XFs>
55.5083787605014 1.66496391140226 1.25126094875756 
<Falps>
-1.0901955872479e-09 -1.69296615386055e-08 2.25287139291686e-08 
<G>
-4.72134087513918 -33.8247781212631 -11.5430094825151 -93.5576027577951 -98.4653166206524 -98.4653166206524 
<G0>
-4.72134087513918 -33.8247781212631 -11.5430094825151 -93.5576027577951 -98.4653166206524 -98.4653166206524 
<lnGam>
0.344492311845407 8.43769498715115e-15 0.508008220189914 1.14792893282858e-06 7.87076296126883 0 
<lnGmo>
0.344492311845407 8.43769498715115e-15 0.508008220189914 1.14792893282858e-06 7.87076296126883 0 
<B>
111.016756578774 61.3408230491428 1.66432825786777 1.25189660229205 
<U>
-9.3966110596465 -13.8160783632703 -65.9258267099159 -70.8331598798706 
<Uc>
-9.3966110596465 -9.39661110458241 -13.8160783632703 -13.816078273386 -65.9258267099159 -65.9258263634446 -70.8331598798706 -70.8331607587808 
<Uefd>
0.0032464331803653 -0.0064928663607311 0.0129857327214631 0.0129857327214591 
<U_r>
-91656.1173295613 -134764.341256661 -643051.550140429 -690918.499399638 
<C>
1.99263245676862e-14 -1.46333946043945e-14 0 0 
<XF>
55.5083787605085 1.66496386398951 1.25126099617031 
<YF>
55.5083787605159 1.66496386398949 1.25126099617034 
<Falp>
-1.0863210641267e-09 -4.64785715851546e-09 6.18484145392555e-09 
<X>
5.9028070089057e-06 55.5083723865799 4.711216345717e-07 1.66432825786777 0.000635606121734206 1.25126099617031 
<Y>
5.9028070089057e-06 55.5083723865799 4.711216345717e-07 1.66432825786777 0.000635606121734206 1.25126099617031 
<XY>
5.90280571817265e-06 55.5083723865885 4.71121651016007e-07 1.66432825786776 0.000635606121734206 1.25126099617034 
<XU>
0 0 0 0 0 0 
<MU>
7.36409556286233e-12 -4.95858857090027e-11 -9.38206763036097e-14 7.99272926900701e-14 -4.10396392789839e-20 -1.59046166706486e-13 
<EMU>
1.06340129411851e-07 0.999999882671465 8.48705864728143e-09 0.999618247843893 0.000381741454020778 1.00000001424112 
<NMU>
-16.0566231119079 -1.1732854154861e-07 -18.584723345734 -0.000381825042011866 -7.8707670004402 1.42411237343406e-08 
<W>
1.13418252490164e-09 100295.849050678 7.2249043096773e-12 90.1662373262108 1.31504954602691e-05 50.963798171538 
<F>
-18.793215730782 -32.609300482564 -27.6321168192449 -93.5579834380039 -98.4652845177807 -98.4653166206524 
<F0>
0.344492311845407 8.43769498715115e-15 0.508008220189914 1.14792893282858e-06 7.87076296126883 0 
<YOF>
0 0 0 
<lnGmM>
0 0 0 0 0 0 
<fDQF>
1.64024958514547 1.21547775352734 1.98756791494033 0 0 0 
<FVOL>
4.73599000232622 38.9407983605406 23.9840493116045 
<FWGT>
1000.00001 100.050771455132 99.9492285448678 
<Y_la>
-2.11134036162341 4.52787523026624 -2.98742785207665 -0.000165326641656096 6.18484148510177e-09 6.18484148510177e-09 
<Y_w>
0 0 0 0 0 8329.1023093298 
<Fx>
-18.793222119293 -32.6093004825633 -27.6321567265406 -93.5579834364565 -98.4653166064112 -98.4653166064112 
<Wx>
1.06340828911135e-07 0.999999885171774 8.48739676949239e-09 0.999618246296222 0.000381753703777808 1 
<VL>
-16.0566165339868 -1.14828232298504e-07 -18.5846835067874 -0.000381826590273467 -7.87073491180963 0 
<Gamma>
1.41127325104852 1.00000000000001 1.66197760263448 1.00000114792959 2619.56345139912 1 
<lnGmf>
0 0 0 0 6.90775527898214 0 
<BF>
111.016756578774 55.5083733288231 0 0 0 3.32992772797902 1.66432825786777 0.000635606121734206 
<BFC>
0 5.83244972031964 1.66432825786777 1.25189660229205 
<XFA>
0 0 
<YFA>
0 0 
<PUL>
1000000 1000000 
<PLL>
0 0 
<Aalp>
0 0 0 
<Xr0h0>
0 0 0 0 0 0 
<Sigw>
0 0 0 
<Sigg>
0 0 0 
<Fug>
0.00150074975764274 9999.99885172482 0.000141053009126024 
<Fug_l>
-2.8236917057321 3.99999993260144 -3.85061762760079 
<Ppg_l>
-2.973302815169 3.99999993260144 -4.07124279342389 
<sMod>
'7NNSNNNN' 'RNNSNNNN' 
<LsMod>
1 2 2 1 2 3 
<IPxPH>
1 0 1 0 
<PMc>
0 0 60301.17578125 -1.18712449073792 1.79228889942169 
<LsMdc>
7 0 0 0 0 0 
<DMc>
33.2000007629395 12.9700002670288 -0.219999998807907 0 0 0 0 647.286010742188 220.897994995117 0.343800008296967 -0.0663499981164932 0 0 0 154.770004272461 50.9000015258789 0.0212799999862909 0.0151199996471405 0 0 0 
<MoiSN>

<SitFr>

<LsMdc2>
0 0 0 0 0 0 
<DQFc>

<LsPhl>
0 0 0 0 0 0 
<PhLin>

<lPhc>

<lnDQFt>
0 0 0 0 0 
<lnRcpt>
0 0 0 0 0 
<lnExet>
0 0 0 0 0 
<lnCnft>
0 0 0 0 0 
<SorMc>
0 0 0 0 0 0 0 0 0 0 0 0 0 0 0 0 
0 0 0 0 0 0 0 0 0 0 0 0 0 0 0 0 
<LsISmo>
0 0 0 0 0 0 0 0 
<xSMd>

<IsoPc>

<IsoSc>

<IsoCt>

<LsESmo>
0 0 0 0 0 0 0 0 
<EImc>

<mCDc>

<lnScalT>
0 0 0 0 0 
<lnSACT>
0 0 0 0 0 
<lnGammF>
0 0 0 0 0 
<CTerms>
0 0 0 0 0 
<kMod>
'NNNNNN' 'NNNNNN' 'NNNNNN' 
<LsKin>
0 0 0 0 0 0 0 0 0 0 0 0 0 0 0 0 0 0 
<xSKrC>

<ocPRkC>

<feSArC>

<rpConC>

<apConC>

<AscpC>

<LsUpt>
0 0 0 0 
<UMpcC>

<PfFact>
1 1 1 
<PrT>
0 0 0 
<PkT>
0 0 0 
<PvT>
0 0 0 
<emRd>
0 0 0 0 0 
<emDf>
0 0 0 0 0 
<Wb>
0 0 0 0 0 
<Wabs>
0 0 0 0 0 
<Rion>
0 0 0 0 0 
<Qp>
0 0 0 0 0 0 0 0 0 0 0 0 0 0 0 0 0 0 0 0 0 0 0 0 0 0 0 0 0 0 0 0 0 0 0 0 0 0 0 0 
0 0 0 0 0 0 0 0 0 0 0 0 0 0 0 0 0 0 0 0 0 0 0 0 0 0 0 0 0 0 0 0 0 0 0 0 0 0 0 0 
0 0 0 0 0 0 0 0 0 0 0 0 0 0 0 0 0 0 0 0 0 0 0 0 0 0 0 0 0 0 0 0 0 0 0 0 0 0 0 0 
0 0 0 0 0 0 0 0 0 0 0 0 0 0 0 0 0 0 0 0 0 0 0 0 0 0 0 0 0 0 0 0 0 0 0 0 0 0 0 0 
0 0 0 0 0 0 0 0 0 0 0 0 0 0 0 0 0 0 0 0 0 0 0 0 0 0 0 0 0 0 0 0 0 0 0 0 0 0 0 0 
0 0 0 0 0 0 0 0 0 0 0 0 0 0 0 0 0 0 0 0 0 0 0 0 0 0 0 0 0 0 0 0 0 0 0 0 0 0 0 0 
0 0 0 0 0 0 0 0 0 0 0 0 0 0 0 0 0 0 0 0 0 0 0 0 0 0 0 0 0 0 0 0 0 0 0 0 0 0 0 0 
0 0 0 0 0 0 0 0 0 0 0 0 0 0 0 0 0 0 0 0 0 0 0 0 0 0 0 0 0 0 0 0 0 0 0 0 0 0 0 0 
0 0 0 0 0 0 0 0 0 0 0 0 0 0 0 0 0 0 0 0 0 0 0 0 0 0 0 0 0 0 0 0 0 0 0 0 0 0 0 0 
<Qd>
0 0 0 0 0 0 0 0 0 0 0 0 0 0 0 0 0 0 0 0 0 0 0 0 0 0 0 0 0 0 0 0 0 0 0 0 0 0 0 0 
0 0 0 0 0 0 0 0 0 0 0 0 0 0 0 0 0 0 0 0 0 0 0 0 0 0 0 0 0 0 0 0 0 0 0 0 0 0 0 0 
0 0 0 0 0 0 0 0 0 0 0 0 0 0 0 0 0 0 0 0 0 0 0 0 0 0 0 0 0 0 0 0 0 0 0 0 0 0 0 0 
<H0>
41829.171136098 -210682.687934956 47038.0457262396 -829530.898267453 -865866.774953058 -865866.774953058 
<A0>
0 0 0 0 0 0 
<U0>
0 0 0 0 0 0 
<S0>
170.962374297328 227.409751190708 248.248882861675 127.70391355147 140.563266968312 140.563266968312 
<Cp0>
30.8964658241311 43.4924625406461 35.5899315664515 71.6609684287697 75.4722881729769 75.4722881729769 
<VPh>
0 0 2.70205237808085 0 0 0 0 0.000683490742205547 0 0 
<GPh>
0 89839.1825495227 11855.9743904655 0 0 0 -33.011390799102 29.2997092005845 0 0 
<HPh>
0 0 -2231.0524300693 0 0 0 0 29.8308069134223 0 0 
<SPh>
0 -76.5794506666008 -12.007864996407 0 0 0 0.0281391048025418 0.000452710832236168 0 0 
<CPh>
0 0 20.9534914113478 0 0 0 0 0 0 0 
<APh>
0 89839.1825495227 -15164.5493903429 0 0 0 -33.011390799102 22.464801778529 0 0 
<UPh>
0 0 -29251.5762108778 0 0 0 0 22.9958994913669 0 0 