

Next record
07PSIna   G  simple      2    0       1       25      0   

<Short_PARAM>
2 2 -4 1 130 1 0 30000 1 9999 
<Double_PARAM>
1000 1e-13 1e-20 1e-05 0.01 0.01 1e-05 1e-05 1e-05 1e-05 1e-05 1e-05 1e-06 1e-17 0.7 -0.0065 1 1000 0.001 12.05 1e-13 1e-13 1e-33 1e-20 1e-05 1e-10 0.001 1e-10 
<Short_Const>
3 3 8 8 4 3 0 0 2 2 0 1 1 0 15 1 2 1 1 0 1 0 0 2 1 2 0 2 0 2 15 0 0 0 0 0 1 0 0 
<Double_Const>
25 25 298.15 298.15 1 1 0 1002.94726790367 -13163623.4804346 0 0 0 0 0 0 0 0 0 0 0 
0 0 0 0 166.529745956917 1000 1 -5310.1156281311 9.98526287515497e-08 7.00064047526389 -1.90618838519551 -0.112542037498191 1e-13 1e-20 55.50837344 0 9.99999e-06 0 0 0 
0 1e-05 0 2478.9711565 38.9215133653371 55.5099152191191 4.01653388216503 1.24465108219951e-08 1.66e-24 5.80914298381569 -16.2047822480947 333.333333932938 0 
<Add_Double_Const>
1e-13 1e-13 1e-33 1e-20 1e-05 1e-05 1e-05 1e-05 1e-05 1e-05 1e-06 1 
<EpsW>
78.2451456494471 -0.355010888388417 0.00135076186526265 0.00406162824448407 0 
<EpsWg>
44.1020648929065 -0.203921304503049 0.000864734277252308 0.00370763636207359 0 
<DenW>
0.997061364306278 -0.00025866418191325 -9.46964566451448e-06 4.50858902637571e-05 0 
<DenWg>
0.000767104546309221 -7.87337651516304e-07 -3.78422904491598e-09 4.76763525268721e-08 0 
Error Code 
Error Message
<L1>
5 3 
<muk>
0 1 
<mui>
23 39 60 
<muj>
371 682 1133 1134 1135 1138 1139 1145 
<DUL>
1000000 1000000 1000000 1000000 1000000 1000000 1000000 1000000 
<DLL>
0 0 0 0 0 0 0 0 
<Vol>
0 0 -4.70764729114605 0 18.0678940764855 24789.711565 24789.711565 24789.711565 
<Pparc>
1 1 1 1 1 1 1 1 
<MM>
2.01579999923706 31.9979991912842 17.0068995952606 1.00789999961853 18.0147995948792 2.01579999923706 18.0147995948792 31.9979991912842 
<Awt>
1.00789999961853 15.9989995956421 0 
<A>
2 0 0 0 2 0 1 1 -1 1 0 1 2 1 0 2 0 0 2 1 0 0 2 0 
<XFs>
55.5099154188244 0 
<Falps>
-7.61079059476938e-11 -1.49894462474745 
<G>
11.16606059591 10.6807041947896 -59.4049385683072 4.01653388216503 -95.6606688673104 0 -92.2092213137051 0 
<G0>
11.16606059591 10.6807041947896 -59.4049385683072 4.01653388216503 -95.6606688673104 0 -92.2092213137051 0 
<lnGam>
0 0 0 0 0 0 0 0 
<lnGmo>
-3.59765106594523e-09 -3.59765106594523e-09 -3.59765106594523e-09 -3.59765106594523e-09 0 0 0 0 
<B>
111.019830637945 55.5099153189724 0 
<U>
-11.7304372409874 -72.1997943891087 -4.38916096931821 
<Uc>
-11.7304372409874 -10.5326867944354 -72.1997943891087 -74.5952952171889 -4.38916096931821 -5.58691138335835 
<Uefd>
0.790523554104179 -1.58104710819426 -0.790523582810196 
<U_r>
-29079.4155735411 -178981.207795831 -10880.6034441754 
<C>
1.30632457410539e-12 7.00492887563762e-13 0 
<XF>
55.5099154188244 0 
<YF>
55.5099151579555 0 
<Falp>
-7.61078577313205e-11 -1.49894462474745 
<X>
5.08257419365004e-14 0 9.9852628571931e-08 9.9852628571931e-08 55.5099152191191 0 0 0 
<Y>
5.08257419365004e-14 0 9.9852628571931e-08 9.9852628571931e-08 55.5099152191191 0 0 0 
<XY>
4.82148214318247e-13 0 3.45452142133364e-07 3.45452142133368e-07 55.5099149582502 8.32616400804757e-16 1.5270184523382e-08 0 
<XU>
0 0 0 0 0 0 0 0 
<MU>
1.4727486224596e-25 0 1.03257484793656e-20 -1.03206796429237e-20 1.56649999576403e-06 0 0 0 
<EMU>
9.15641043515443e-16 4.46166234092689e-68 1.79887511303918e-09 1.79887511303925e-09 0.999999996227004 6.47249454400724e-11 0.0316997162193851 1.9411340814799e-63 
<NMU>
-34.6269072599128 -155.080264904826 -20.1361043045994 -20.1361043045994 -3.77299592281399e-09 -23.4608744332411 -3.45144755020884 -144.399588478266 
<W>
9.31502050010719e-26 0 3.59530190476646e-13 3.59530190476671e-13 111111.109667036 0 0 0 
<F>
-21.2110258738792 0 -78.2999119295907 -14.8784394791185 -95.6606688797569 -16.7245950618085 -92.2092213682307 0 
<F0>
0 0 0 0 0 0 0 0 
<YOF>
0 0 
<lnGmM>
0 0 0 0 0 0 0 0 
<fDQF>
0 0 0 0 0 0 0 0 
<FVOL>
1002.94726790367 0 
<FWGT>
999.999999999987 0 
<Y_la>
-13.2939162370876 -65.6061447888569 -7.00064047526391 -7.00064047526389 -1.63859139945517e-09 -10.1889283069554 -1.49894462563032 -62.7119444650493 
<Y_w>
1.02454530556822e-10 0 0.0016981836284457 0.00010064146429956 999.999998201175 0 0 0 
<Fx>
-23.4608744819747 -144.399588778217 -79.5410706607778 -16.1195982103056 -95.6606688710834 -23.4608744819747 -95.6606688710834 -144.399588778217 
<Wx>
9.15615553600079e-16 0 1.79882508950949e-09 1.79882508950949e-09 0.999999996402349 0 0 0 
<VL>
-34.6269350986279 -54.7552246294886 -20.1361321132143 -20.1361321132143 -3.59765107241678e-09 0 0 0 
<Gamma>
1.00000000359765 1.00000000359765 1.00000000359765 1.00000000359765 1 1 1 1 
<lnGmf>
0 0 0 0 0 0 0 0 
<BF>
111.019830637943 55.5099153189717 0 0 0 0 
<BFC>
0 0 0 
<XFA>
55.5099152191191 0 
<YFA>
55.5099149582502 0 
<PUL>
1000000 1000000 
<PLL>
0 0 
<Y_m>
5.08257420279277e-14 0 9.98526287515497e-08 9.98526287515497e-08 55.50837344 0 0 0 
<IC_m>
1.99705359154583e-07 9.98526287515497e-08 0 
<IC_lm>
-6.69961026661331 -7.00064048271032 0 
<IC_wm>
2.0128303105365e-07 1.59754216414614e-06 0 
<Aalp>
0 0 
<Xr0h0>
0 0 0 0 
<Sigw>
0 0 
<Sigg>
0 0 
<EZ>
0 0 -1 1 0 0 0 0 
<Xcond>
0 0 
<Xeps>
0 0 
<Fug>
6.47249422857933e-11 0.0316997159921157 0 
<Fug_l>
-10.1889282834945 -1.49894462217887 -62.7119443206497 
<Ppg_l>
-10.1889282834945 -1.49894462217887 -62.7119443206497 
<sMod>
'SNNSNNNN' 'INNINNNN' 
<LsMod>
0 2 2 0 0 0 
<IPxPH>

<PMc>

<LsMdc>
0 0 0 0 0 0 
<DMc>

<MoiSN>

<SitFr>

<LsMdc2>
0 0 0 0 0 0 
<DQFc>

<LsPhl>
0 0 0 0 
<PhLin>

<lPhc>

<lnDQFt>
0 0 0 0 0 0 0 0 
<lnRcpt>
0 0 0 0 0 0 0 0 
<lnExet>
0 0 0 0 0 0 0 0 
<lnCnft>
0 0 0 0 0 0 0 0 
<SorMc>
0 0 0 0 0 0 0 0 0 0 0 0 0 0 0 0 
0 0 0 0 0 0 0 0 0 0 0 0 0 0 0 0 
<LsISmo>
0 0 0 0 0 0 0 0 
<xSMd>

<IsoPc>

<IsoSc>

<IsoCt>

<LsESmo>
0 0 0 0 0 0 0 0 
<EImc>

<mCDc>

<lnScalT>
0 0 0 0 0 0 0 0 
<lnSACT>
0 0 0 0 0 0 0 0 
<lnGammF>
0 0 0 0 0 0 0 0 
<CTerms>
0 0 0 0 0 0 0 0 
<kMod>
'NNNNNN' 'NNNNNN' 
<LsKin>
0 0 0 0 0 0 0 0 0 0 0 0 
<xSKrC>

<ocPRkC>

<feSArC>

<rpConC>

<apConC>

<AscpC>

<LsUpt>
0 0 0 0 
<UMpcC>

<PfFact>
1 1 
<PrT>
0 0 
<PkT>
0 0 
<PvT>
0 0 
<emRd>
0 0 0 0 0 0 0 0 
<emDf>
0 0 0 0 0 0 0 0 
<Wb>
0 0 0 0 0 0 0 0 
<Wabs>
0 0 0 0 0 0 0 0 
<Rion>
0 0 0 0 0 0 0 0 
<Qp>
0 0 0 0 0 0 0 0 0 0 0 0 0 0 0 0 0 0 0 0 0 0 0 0 0 0 0 0 0 0 0 0 0 0 0 0 0 0 0 0 
0 0 0 0 0 0 0 0 0 0 0 0 0 0 0 0 0 0 0 0 0 0 0 0 0 0 0 0 0 0 0 0 0 0 0 0 0 0 0 0 
0 0 0 0 0 0 0 0 0 0 0 0 0 0 0 0 0 0 0 0 0 0 0 0 0 0 0 0 0 0 0 0 0 0 0 0 0 0 0 0 
0 0 0 0 0 0 0 0 0 0 0 0 0 0 0 0 0 0 0 0 0 0 0 0 0 0 0 0 0 0 0 0 0 0 0 0 0 0 0 0 
0 0 0 0 0 0 0 0 0 0 0 0 0 0 0 0 0 0 0 0 0 0 0 0 0 0 0 0 0 0 0 0 0 0 0 0 0 0 0 0 
0 0 0 0 0 0 0 0 0 0 0 0 0 0 0 0 0 0 0 0 0 0 0 0 0 0 0 0 0 0 0 0 0 0 0 0 0 0 0 0 
0 0 0 0 0 0 0 0 0 0 0 0 0 0 0 0 0 0 0 0 0 0 0 0 0 0 0 0 0 0 0 0 0 0 0 0 0 0 0 0 
0 0 0 0 0 0 0 0 0 0 0 0 0 0 0 0 0 0 0 0 0 0 0 0 0 0 0 0 0 0 0 0 0 0 0 0 0 0 0 0 
0 0 0 0 0 0 0 0 0 0 0 0 0 0 0 0 0 0 0 0 0 0 0 0 0 0 0 0 0 0 0 0 0 0 0 0 0 0 0 0 
<Qd>
0 0 0 0 0 0 0 0 0 0 0 0 0 0 0 0 0 0 0 0 0 0 0 0 0 0 0 0 0 0 0 0 0 0 0 0 0 0 0 0 
0 0 0 0 0 0 0 0 0 0 0 0 0 0 0 0 0 0 0 0 0 0 0 0 0 0 0 0 0 0 0 0 0 0 0 0 0 0 0 0 
0 0 0 0 0 0 0 0 0 0 0 0 0 0 0 0 0 0 0 0 0 0 0 0 0 0 0 0 0 0 0 0 0 0 0 0 0 0 0 0 
<H0>
-4039 -12059 -230014.999110029 0 -285830.098086332 0 -241826 0 
<A0>
0 0 0 0 0 0 0 0 
<U0>
0 0 0 0 0 0 0 0 
<S0>
57.6883163452148 109.298728942871 -10.8999935898519 0 69.949401641441 130.679992675781 188.835006713867 205.151992797852 
<Cp0>
173.022994995117 229.162002563477 -136.387340459613 0 75.3605258482016 28.8373256652201 33.5905479988852 29.3825885202285 
<VPh>
0 0 0 0 0 0 0 0 0 0 
<GPh>
0 -0.000507744247671937 0 0 0 0 -9.88842597483948e-05 0 0 0 
<HPh>
0 0 0 0 0 0 0 0 0 0 
<SPh>
0 1.70298255130618e-06 0 0 0 0 3.31659432327335e-07 0 0 0 
<CPh>
0 0 0 0 0 0 0 0 0 0 
<APh>
0 -0.000507744247671937 0 0 0 0 -9.88842597483948e-05 0 0 0 
<UPh>
0 0 0 0 0 0 0 0 0 0 